Multiple size <= 100
TEST 1 ARG:87 34 35 36 90 47 59 30 62 65 14 86 66 42 6 4 76 0 13 28 23 50 95 56 29 8 12 20 71 73 61 93 96 55 94 46 44 52 45 48 41 68 58 82 85 77 57 38 91 24 26 5 49 32 43 39 11 15 54 22 31 83 3 60 99 98 40 1 72 2 67 79 81 27 10 89 9 17 63 70 75 69 18 84 7 78 51 33 19 97 53 25 37 16 88 80 21 74 92 64 
TEST 2 ARG:19 24 99 0 94 67 20 46 15 84 37 45 69 27 71 12 57 47 88 4 51 17 97 9 78 6 49 39 43 62 56 77 41 55 10 44 53 35 38 95 3 86 96 14 98 16 63 42 8 80 60 28 93 22 70 26 91 52 48 5 76 92 36 89 65 58 31 34 75 7 72 61 25 85 30 32 13 74 23 81 90 21 66 68 11 73 54 40 50 64 2 82 29 83 18 79 33 1 59 87 
TEST 3 ARG:82 65 11 88 18 7 1 20 33 48 21 84 56 50 30 22 5 9 55 40 94 93 15 23 8 44 78 90 3 58 89 98 79 96 69 16 2 71 95 85 31 13 77 59 91 36 52 34 76 35 46 19 54 0 28 10 38 68 73 61 26 81 83 49 4 53 72 39 87 57 62 43 67 12 51 97 27 47 14 66 80 45 32 42 75 99 29 41 63 25 92 60 17 24 6 37 64 70 74 86 
TEST 4 ARG:79 75 38 85 64 28 73 9 68 61 87 92 51 78 59 57 39 54 31 13 1 74 97 90 47 41 71 8 72 56 44 80 70 94 77 86 35 3 53 46 22 99 37 43 19 88 40 98 29 66 4 62 33 14 93 0 50 84 21 76 30 83 60 27 58 5 69 55 24 7 10 91 18 11 49 81 32 15 63 34 20 96 26 17 65 25 67 16 82 52 36 23 6 42 48 89 95 45 2 12 
TEST 5 ARG:7 47 31 62 94 49 64 23 50 92 44 63 10 95 34 29 99 51 89 77 57 9 97 15 46 79 26 39 4 59 35 54 19 69 81 12 5 30 33 18 16 98 17 70 75 82 85 58 96 28 91 32 21 42 76 66 73 88 43 48 78 25 1 52 80 0 2 56 20 3 65 41 72 93 45 6 90 87 13 61 53 68 74 55 60 22 37 36 40 11 86 71 14 83 67 38 8 27 84 24 
TEST 6 ARG:22 95 67 94 47 96 24 15 16 2 98 19 87 38 17 57 35 49 12 61 97 66 37 60 68 4 36 86 7 78 41 9 83 54 29 25 63 11 28 43 84 5 77 50 53 44 81 79 80 74 45 69 34 20 0 56 6 27 62 48 13 32 82 3 88 51 70 92 26 21 30 14 64 58 99 31 90 91 33 40 59 8 18 10 1 85 71 93 76 52 39 65 75 42 23 46 73 89 72 55 
TEST 7 ARG:29 18 40 66 26 22 99 27 75 43 2 15 96 28 33 14 54 38 86 44 19 76 47 89 37 98 9 93 77 72 95 63 82 78 50 20 61 85 23 97 74 35 6 84 83 56 10 68 55 49 42 25 13 81 4 17 60 64 7 41 87 79 69 21 88 24 32 8 12 39 48 3 92 80 94 51 30 91 45 70 5 65 46 58 90 11 1 59 73 62 71 53 31 67 36 34 0 57 52 16 
TEST 8 ARG:66 88 59 83 43 26 29 49 58 3 55 33 52 12 64 17 36 57 89 79 94 74 96 30 4 60 90 41 97 9 65 54 7 10 6 21 63 69 15 5 38 47 82 77 81 35 19 67 92 53 93 80 51 45 42 2 87 39 0 78 95 56 13 20 61 28 48 8 24 75 23 22 18 86 34 76 68 50 14 44 98 62 25 85 91 1 16 99 32 46 73 70 84 31 71 72 37 40 11 27 
TEST 9 ARG:4 5 31 26 47 37 18 98 92 15 61 40 75 93 20 9 87 44 65 11 64 72 70 30 68 84 2 79 85 29 88 69 73 54 48 60 35 59 3 24 39 90 25 53 66 34 7 46 33 52 58 83 74 22 14 16 38 91 51 36 97 57 67 19 1 89 76 23 41 0 55 77 96 62 78 10 13 6 21 99 50 8 27 17 43 32 80 56 12 94 28 42 86 95 49 71 63 81 82 45 
TEST 10 ARG:2 65 60 21 1 11 96 68 49 13 56 75 74 3 83 17 41 43 92 76 61 69 40 99 10 79 90 48 82 22 88 44 97 16 0 91 19 7 64 53 27 50 85 54 20 98 67 94 71 89 80 63 38 9 46 37 12 42 26 34 62 51 52 31 78 29 4 58 73 23 95 86 35 39 70 18 30 32 14 45 15 93 8 84 25 47 6 77 28 5 87 36 59 33 66 55 81 24 72 57 
TEST 11 ARG:56 49 6 5 63 9 43 36 95 68 66 42 50 7 98 35 18 99 28 70 3 60 10 40 31 65 75 13 57 25 44 91 54 93 1 92 55 79 67 62 32 12 74 78 33 23 16 96 90 87 4 97 19 22 46 72 41 64 37 89 2 53 77 58 38 11 47 8 30 85 48 45 76 82 84 83 27 26 17 34 39 73 94 52 86 81 29 20 61 0 21 14 69 24 88 80 15 71 59 51 
TEST 12 ARG:42 7 86 99 70 30 73 61 4 38 16 94 55 57 29 67 48 45 88 15 59 20 66 3 2 69 75 28 68 52 17 78 91 22 36 85 27 92 0 39 98 14 71 53 41 56 13 63 76 93 1 47 37 81 83 34 33 62 90 89 95 84 10 19 60 8 46 43 18 49 74 51 25 23 82 64 65 97 9 80 24 21 44 54 31 26 5 35 58 32 79 87 40 11 77 6 72 96 50 12 
TEST 13 ARG:73 65 12 87 48 29 62 24 89 30 96 68 58 52 56 88 13 97 94 31 6 49 77 14 50 54 82 39 11 38 63 42 10 20 53 44 41 71 33 28 81 40 1 59 74 55 79 61 3 2 4 78 8 92 57 80 5 66 51 83 98 75 17 36 72 91 26 21 60 16 27 93 47 0 45 22 23 37 69 46 86 64 95 34 18 19 84 67 70 9 7 32 99 76 43 15 85 90 35 25 
TEST 14 ARG:2 42 31 49 85 60 95 92 15 39 99 57 26 20 19 21 65 77 29 33 63 3 73 52 91 75 67 90 41 22 78 1 88 69 61 30 6 43 79 59 71 89 12 68 87 37 14 70 18 81 64 53 13 11 50 98 0 44 45 16 48 83 5 76 8 10 51 55 32 35 27 4 86 94 24 7 62 58 96 40 36 17 28 56 93 74 38 25 9 80 54 84 97 82 34 72 46 23 66 47 
TEST 15 ARG:94 37 52 71 19 16 25 51 92 54 98 13 36 83 86 88 55 82 65 96 59 61 4 62 73 39 66 32 69 44 46 18 14 93 90 17 70 20 21 99 8 45 6 11 42 31 56 60 27 84 64 12 53 58 5 67 10 95 77 85 9 50 76 40 49 47 38 28 80 48 23 87 7 29 30 22 33 63 97 35 2 74 34 78 68 15 24 26 81 75 3 1 0 91 89 43 79 72 57 41 
TEST 16 ARG:22 35 5 17 42 98 86 44 18 66 8 84 56 71 92 31 27 19 83 52 48 26 67 61 39 36 63 20 14 40 37 57 62 12 78 1 82 74 43 80 91 13 4 77 54 58 6 64 23 32 25 11 45 65 28 41 24 94 72 70 88 16 10 79 69 3 81 85 75 51 55 46 53 96 97 87 33 89 9 2 38 76 68 60 73 7 21 29 95 47 30 15 0 93 50 49 90 34 59 99 
TEST 17 ARG:86 99 12 8 2 48 84 7 63 1 60 9 90 75 61 66 4 15 41 71 55 67 72 85 29 16 43 6 47 82 27 91 37 78 3 96 70 46 33 5 26 44 89 87 13 53 62 36 94 40 38 24 32 45 19 39 23 22 68 56 49 11 25 42 81 69 74 0 51 83 58 73 30 18 88 20 28 98 93 79 17 64 50 76 54 10 21 80 14 59 34 95 65 31 77 97 52 92 57 35 
TEST 18 ARG:28 57 37 26 91 82 29 42 70 24 18 89 2 93 80 88 6 58 68 20 90 55 46 79 41 10 49 5 12 94 40 23 8 97 67 45 75 7 64 39 35 99 71 54 22 77 62 27 53 66 32 48 51 21 17 83 50 33 31 65 73 74 34 84 61 69 14 59 72 38 92 36 43 25 78 1 0 44 63 60 86 9 76 87 16 96 19 85 47 11 15 56 30 3 95 13 81 98 52 4 
TEST 19 ARG:40 28 67 7 75 57 80 3 71 18 23 17 37 61 90 15 34 83 26 78 0 6 64 50 47 44 69 48 79 39 5 4 31 11 68 52 81 60 88 24 54 63 98 70 45 10 97 36 21 9 89 85 20 19 82 42 84 29 35 27 76 99 65 49 96 22 14 59 33 38 62 2 56 41 13 91 46 16 72 74 58 51 92 95 43 66 77 32 12 30 93 8 55 53 94 25 86 87 1 73 
TEST 20 ARG:69 46 42 9 13 29 64 33 15 88 11 86 5 61 14 62 27 74 78 79 52 24 45 39 87 19 96 66 8 16 31 47 44 82 23 2 73 59 94 85 63 22 28 12 3 43 91 57 21 95 50 76 48 32 93 58 18 92 84 25 70 60 35 30 53 34 72 38 71 6 77 1 56 90 89 81 0 55 20 17 80 10 97 51 83 54 75 7 41 4 68 99 40 36 26 49 98 37 67 65 
TEST 21 ARG:84 87 74 44 37 64 88 5 67 4 22 47 76 32 33 95 60 94 24 8 71 79 36 28 99 68 54 12 70 45 83 17 93 1 49 46 78 38 98 92 25 66 13 81 6 18 0 91 82 59 55 27 19 61 21 10 97 72 20 73 31 77 62 80 30 51 29 57 35 63 89 75 90 48 9 50 69 11 2 52 42 56 85 41 43 15 23 26 7 40 86 16 14 34 96 65 39 53 58 3 
TEST 22 ARG:79 65 39 40 89 34 10 73 76 59 50 43 16 17 18 37 72 13 88 5 38 2 36 23 25 28 86 29 44 54 19 9 77 41 60 63 22 61 96 58 6 70 85 93 97 55 90 4 48 74 31 0 24 91 78 26 46 1 80 75 49 81 42 11 12 53 33 35 20 14 71 95 94 98 62 32 27 51 57 64 47 92 3 21 67 30 69 68 99 8 15 83 7 66 56 84 87 82 52 45 
TEST 23 ARG:96 79 5 55 32 14 57 42 36 94 23 66 9 62 15 85 53 90 18 22 87 25 71 69 7 17 33 75 78 37 38 58 39 70 1 21 27 6 44 34 52 29 28 4 13 24 50 51 8 45 47 35 49 46 56 81 64 99 26 83 77 89 88 91 40 72 20 59 60 0 54 61 92 11 41 80 43 68 63 95 93 12 48 16 73 84 2 97 98 31 86 65 3 74 10 82 67 30 19 76 
TEST 24 ARG:74 15 72 64 82 19 17 27 99 80 89 56 13 7 85 63 95 3 37 45 93 61 18 2 14 12 24 36 69 10 42 92 33 40 28 55 59 16 54 51 62 47 70 71 96 68 38 98 84 87 39 81 91 25 8 75 67 58 44 60 77 9 35 57 94 5 78 6 23 22 79 32 88 49 66 31 97 20 34 26 1 50 41 76 65 11 30 4 83 29 48 0 46 90 73 53 52 86 21 43 
TEST 25 ARG:34 44 22 70 98 85 20 14 59 90 7 39 81 91 46 97 16 1 36 2 94 57 18 88 67 32 33 29 37 86 40 84 92 79 93 69 31 42 50 30 47 10 83 99 60 5 73 89 53 35 76 68 77 72 38 61 55 28 74 3 12 43 66 11 51 64 56 0 19 63 23 24 80 62 78 15 4 54 82 21 52 13 71 58 49 95 48 75 41 9 26 25 17 6 8 96 45 27 65 87 
TEST 26 ARG:19 89 81 27 17 55 86 69 62 7 77 13 35 37 21 96 11 52 15 80 65 71 78 45 43 48 23 92 14 83 26 76 44 38 90 98 39 40 33 3 64 91 10 67 34 95 22 97 46 74 1 9 68 18 66 94 88 87 5 61 54 49 84 25 28 70 73 42 75 32 79 47 50 20 4 12 72 58 99 41 31 93 36 8 30 63 57 56 16 6 53 51 60 24 29 0 2 82 59 85 
TEST 27 ARG:45 15 6 78 47 39 60 41 81 52 18 38 61 31 42 62 27 57 16 49 58 54 67 86 72 33 29 63 56 64 85 13 25 37 30 17 21 23 88 79 66 59 44 3 90 80 99 53 89 82 91 28 0 19 96 11 76 35 40 24 43 73 9 97 36 48 83 75 4 87 70 93 32 55 50 34 20 92 7 26 94 10 71 14 22 46 68 98 65 95 2 1 51 77 84 8 12 69 74 5 
TEST 28 ARG:49 89 14 6 11 94 88 4 99 68 69 79 55 72 32 27 75 15 20 9 1 93 41 65 52 30 37 83 47 2 42 29 21 16 81 35 64 73 70 36 63 80 96 84 82 44 53 57 86 23 43 50 25 77 60 59 56 95 98 28 48 58 91 31 10 8 87 92 5 22 38 67 24 46 34 62 51 39 7 90 12 40 78 97 54 71 13 19 45 85 66 61 0 33 74 26 18 3 76 17 
TEST 29 ARG:59 41 83 14 73 81 22 97 84 94 42 69 91 90 36 98 68 95 56 4 74 11 26 27 33 77 63 34 85 75 13 12 38 3 88 35 45 21 6 49 31 9 44 20 55 8 80 50 24 2 82 92 7 16 89 96 17 39 62 48 67 78 87 76 54 72 57 18 70 43 28 65 99 23 5 51 32 58 25 0 86 61 40 79 53 37 66 19 10 71 60 93 52 29 1 64 47 15 30 46 
TEST 30 ARG:34 40 48 49 57 91 80 58 19 9 31 87 3 86 54 82 68 15 93 21 50 71 96 14 1 26 13 92 45 33 52 72 43 74 64 83 24 61 44 53 41 8 17 30 94 59 69 85 75 88 4 84 10 90 36 99 23 18 98 16 25 11 39 46 2 65 73 42 81 37 12 22 32 38 55 63 97 7 60 28 29 78 35 67 56 77 79 47 62 70 89 6 27 20 51 0 5 95 76 66 
TEST 31 ARG:44 16 4 87 65 94 57 92 26 11 37 53 1 73 52 12 63 95 68 0 32 28 29 21 49 2 69 50 58 60 54 70 27 77 91 46 83 72 85 82 84 59 13 81 10 19 42 71 9 47 96 67 39 15 38 99 90 36 25 66 74 56 86 3 40 33 41 20 34 23 43 78 93 45 48 61 97 5 18 64 51 55 88 98 76 24 75 7 89 62 30 14 6 31 22 8 17 80 79 35 
TEST 32 ARG:50 97 39 63 83 68 57 33 23 66 86 58 7 30 14 72 17 95 52 59 9 85 71 79 91 31 54 41 32 80 36 81 82 38 55 42 75 87 45 76 11 1 88 89 44 37 35 96 47 73 8 22 18 13 2 84 46 92 99 40 0 4 74 43 34 51 77 65 10 3 6 94 62 29 60 90 27 20 19 53 56 5 24 12 98 49 16 69 48 28 67 15 21 70 26 64 93 61 78 25 
TEST 33 ARG:68 57 59 99 92 72 66 34 79 86 81 97 14 27 33 20 77 71 95 70 4 98 93 2 82 63 5 51 40 36 65 84 87 23 67 37 29 12 44 11 88 26 39 60 17 94 9 46 25 1 16 3 58 56 18 96 62 75 45 78 42 48 35 69 43 80 64 7 15 85 83 47 76 30 38 89 0 50 21 8 13 90 55 54 61 53 6 74 41 52 10 22 24 49 73 32 28 91 31 19 
TEST 34 ARG:76 91 82 56 14 70 71 47 27 43 51 73 62 61 25 97 69 29 5 77 72 80 92 66 35 48 86 81 58 28 46 44 96 90 0 12 38 11 40 42 26 68 33 45 63 30 22 83 23 6 88 36 3 55 93 1 67 59 34 99 98 24 89 21 78 7 60 32 52 13 79 49 4 54 85 75 16 41 64 53 57 37 65 84 17 39 50 2 94 20 18 31 95 15 8 19 87 9 10 74 
TEST 35 ARG:3 79 89 63 1 76 49 36 60 37 70 19 34 21 11 13 98 78 23 35 93 74 28 86 59 22 52 88 50 20 4 25 99 43 90 77 47 5 92 56 0 84 15 80 48 26 27 62 64 30 85 95 94 18 54 91 29 55 10 73 8 9 41 61 46 97 87 38 45 32 71 57 58 2 17 81 6 69 14 12 75 24 44 65 51 39 72 40 96 31 67 53 68 42 83 7 16 66 82 33 
TEST 36 ARG:59 91 27 10 35 97 37 45 13 3 12 85 84 40 89 90 47 83 2 63 71 14 60 76 11 95 64 98 50 5 6 58 65 24 49 51 4 34 31 66 73 93 9 18 57 79 43 86 77 1 25 36 32 69 70 80 17 82 30 20 53 7 39 19 92 21 61 15 81 99 74 44 38 87 26 67 33 22 23 56 46 48 29 52 55 54 0 62 96 8 42 41 78 28 88 75 68 72 94 16 
TEST 37 ARG:22 92 19 53 25 46 39 35 65 80 11 27 90 67 26 41 75 78 32 70 30 47 2 74 96 85 48 17 9 28 99 69 62 13 68 88 43 40 29 4 1 73 54 38 71 93 23 60 91 34 76 8 94 86 36 79 45 56 37 0 57 95 66 81 16 87 20 42 51 18 84 33 58 14 15 44 10 21 61 64 12 83 3 7 5 50 55 24 52 97 59 49 72 6 77 31 82 89 63 98 
TEST 38 ARG:50 69 92 35 66 72 41 40 60 52 9 91 90 81 88 19 34 94 82 4 51 18 0 85 55 42 49 12 20 44 27 63 2 96 48 17 54 33 77 47 28 80 26 16 95 30 64 1 89 29 68 6 32 24 7 61 76 86 73 70 14 99 74 78 31 3 93 23 83 57 11 15 43 39 71 84 98 58 53 5 45 79 87 38 13 59 75 97 10 67 62 37 46 22 25 36 21 8 65 56 
TEST 39 ARG:95 72 34 76 36 19 74 40 55 35 81 25 89 29 58 45 85 90 80 73 48 16 88 97 46 64 62 91 60 52 42 68 21 69 28 84 59 66 47 23 30 87 83 10 86 44 26 70 6 9 32 2 94 33 50 51 49 78 24 67 41 77 14 1 18 7 98 92 31 54 27 15 8 75 4 79 96 17 56 5 63 71 38 37 93 39 13 53 82 12 0 61 43 3 22 65 11 99 20 57 
TEST 40 ARG:37 98 3 60 21 19 85 40 72 77 51 32 12 10 1 35 2 92 99 66 36 65 64 46 16 30 67 57 89 34 93 91 15 68 90 43 24 22 86 80 54 41 26 69 39 7 71 48 81 6 95 55 13 70 11 33 0 25 56 83 23 62 29 84 27 9 28 18 97 38 96 20 59 31 14 5 47 61 50 76 87 88 78 73 75 4 49 42 17 52 94 82 45 63 8 79 44 53 74 58 
TEST 41 ARG:27 58 90 65 47 31 52 18 36 29 76 2 50 72 97 7 6 10 59 81 8 91 62 33 95 13 88 55 51 48 26 69 87 74 25 1 9 66 45 60 23 44 19 35 82 24 30 94 85 12 70 96 77 3 54 0 63 15 98 67 53 16 79 92 20 64 21 84 68 57 41 39 37 99 28 43 78 22 14 86 89 4 42 46 75 17 5 40 73 61 71 93 80 83 32 49 34 11 38 56 
TEST 42 ARG:27 19 36 29 83 22 70 81 28 49 9 5 13 23 39 54 6 20 55 57 31 96 99 26 76 38 35 61 97 48 77 82 93 89 44 16 24 14 32 7 10 21 53 0 68 50 43 98 72 42 79 67 52 12 92 11 90 88 2 71 18 91 66 84 46 56 59 30 78 87 69 75 1 60 33 74 8 40 86 62 94 47 80 37 63 58 25 4 95 34 17 85 73 64 3 45 65 51 41 15 
TEST 43 ARG:21 62 61 60 11 6 4 12 64 49 87 29 51 65 1 22 85 81 78 83 44 93 30 45 34 40 57 26 68 88 7 20 2 17 74 69 27 91 97 50 86 47 48 28 35 67 33 77 90 82 53 32 58 24 5 94 79 76 39 99 38 92 15 98 95 52 0 70 59 25 13 96 80 37 3 55 66 31 56 41 16 75 46 42 63 71 18 36 72 73 14 43 10 89 9 23 84 54 19 8 
TEST 44 ARG:14 20 99 67 35 27 89 62 71 74 54 91 73 24 64 36 43 52 11 5 66 70 34 83 10 85 90 4 23 75 41 0 22 2 57 87 50 30 29 6 7 33 63 19 53 68 40 59 1 48 12 58 82 39 92 8 28 31 38 46 37 51 88 98 78 26 42 79 61 69 94 3 17 76 72 44 95 77 18 97 13 55 84 93 65 47 60 21 15 56 25 81 86 32 80 45 9 96 49 16 
TEST 45 ARG:41 51 63 15 68 64 33 13 27 49 54 96 11 5 2 24 45 42 74 32 77 86 67 17 48 90 52 22 38 85 55 35 21 9 83 29 71 81 53 98 92 16 0 56 89 18 99 46 94 47 60 97 65 36 91 62 37 69 34 73 44 88 39 6 10 31 70 7 25 28 43 23 78 40 12 93 72 76 79 26 3 19 50 20 66 87 84 59 82 8 1 4 95 58 57 61 14 75 30 80 
TEST 46 ARG:83 79 66 53 56 60 6 98 13 18 72 70 43 11 23 41 94 28 64 45 58 35 16 47 69 15 14 42 81 8 67 93 34 24 62 40 55 33 75 73 95 88 63 21 37 12 46 30 20 51 4 39 80 91 38 0 82 54 9 19 1 32 25 90 2 48 85 7 5 78 52 77 29 3 26 92 61 22 27 31 97 36 76 86 71 59 74 49 89 57 10 17 44 99 50 96 68 84 65 87 
TEST 47 ARG:62 70 54 82 93 52 20 32 26 9 92 95 50 16 35 39 33 61 88 71 59 86 15 13 28 83 44 41 46 30 69 72 14 80 81 51 18 3 24 49 56 34 12 74 73 10 53 6 42 76 11 31 37 29 17 47 68 94 21 25 64 7 98 2 67 97 40 22 23 8 91 90 5 55 99 85 63 87 43 60 1 79 45 58 89 96 27 75 78 84 4 65 77 36 38 57 0 66 48 19 
TEST 48 ARG:99 91 15 61 23 10 37 24 48 50 46 5 56 92 87 25 11 58 49 62 90 53 88 28 43 52 9 80 64 94 45 67 93 79 83 4 47 78 32 60 0 27 29 2 19 70 63 35 16 98 77 57 17 39 89 84 33 73 71 42 36 96 14 21 68 26 54 51 38 76 30 95 8 66 20 85 82 97 44 74 1 41 3 34 86 31 65 22 18 69 40 7 55 13 75 59 12 81 6 72 
TEST 49 ARG:43 76 19 56 44 6 60 70 91 84 50 64 26 33 15 49 31 23 55 11 83 1 75 97 2 27 90 81 52 39 13 46 66 77 18 74 93 5 21 22 30 36 79 62 59 20 3 94 57 4 12 80 63 98 96 87 92 14 16 17 38 73 67 35 85 78 58 71 7 37 95 54 65 10 25 42 0 82 41 29 86 28 61 89 9 32 99 8 69 47 45 53 88 34 40 68 24 48 51 72 
TEST 50 ARG:11 76 6 20 79 33 93 54 31 70 26 78 13 9 35 75 92 47 88 90 22 61 18 57 44 25 97 10 81 51 16 43 1 60 55 66 99 7 28 68 50 82 64 69 77 49 48 14 0 40 24 71 96 30 5 72 65 32 12 3 59 42 46 21 41 58 34 8 80 94 85 56 91 2 83 38 19 52 37 84 45 15 74 29 86 36 4 53 23 62 95 89 98 39 87 67 63 27 17 73 
TEST 51 ARG:70 82 18 87 23 53 33 63 42 75 20 25 11 94 81 22 1 57 6 31 43 52 64 48 71 59 46 99 77 39 65 86 36 79 92 84 54 35 98 58 7 34 3 13 47 15 80 85 76 38 19 62 9 12 93 50 44 28 21 89 61 8 37 66 45 40 49 91 10 0 90 5 4 30 29 17 56 88 68 32 96 41 27 67 60 2 97 78 95 16 26 24 73 51 69 74 14 83 72 55 
TEST 52 ARG:73 82 36 1 18 27 91 0 31 44 85 99 89 70 25 35 24 23 17 88 58 34 2 48 21 59 96 77 11 64 53 65 40 52 20 69 28 95 9 74 41 7 81 22 98 56 92 42 16 45 80 6 12 84 33 50 68 79 54 75 8 39 76 78 87 46 43 60 72 97 61 10 26 51 14 29 30 66 13 63 86 19 55 83 90 37 62 38 49 4 57 3 93 47 67 32 15 71 94 5 
TEST 53 ARG:34 62 82 42 66 27 68 43 8 70 35 94 87 41 33 80 18 83 10 93 12 47 24 63 49 84 51 90 59 7 50 78 77 64 5 85 14 39 61 54 40 48 37 44 55 26 96 69 95 86 6 73 17 71 72 30 52 0 9 53 1 2 99 15 23 3 32 91 79 88 16 20 22 89 56 11 46 67 97 28 4 38 19 57 76 58 25 31 75 98 74 36 29 45 13 21 65 81 60 92 
TEST 54 ARG:52 53 10 12 33 59 67 51 22 4 17 1 40 70 28 50 84 5 20 26 44 91 30 23 78 56 37 24 9 31 18 93 58 2 73 27 8 36 65 71 82 96 15 7 41 54 42 0 69 55 34 72 49 48 19 21 89 57 11 39 25 74 98 45 90 64 13 81 79 47 46 60 87 14 62 43 76 77 35 95 68 94 83 85 61 29 80 63 6 16 66 88 92 3 75 97 86 32 38 99 
TEST 55 ARG:39 48 33 72 88 90 98 28 51 59 0 66 84 46 89 54 83 10 81 60 77 20 9 95 58 25 94 62 11 32 61 75 35 56 68 26 55 17 64 16 53 42 14 73 50 5 27 43 92 37 23 1 45 12 86 34 30 29 93 36 79 8 21 78 96 76 49 4 71 22 69 6 70 24 52 31 47 97 15 63 19 44 80 13 18 57 40 87 99 38 3 65 74 85 7 82 2 67 91 41 
TEST 56 ARG:28 99 67 13 34 53 16 12 50 5 56 89 75 76 90 85 45 25 44 23 65 37 51 47 8 72 30 68 96 95 4 55 10 80 6 29 38 81 82 84 39 88 70 3 35 83 91 78 1 40 74 33 42 93 15 27 87 7 79 14 54 61 0 98 43 52 73 21 66 9 49 97 94 60 19 92 64 36 86 69 2 31 20 57 71 24 62 26 46 32 48 58 41 63 77 18 22 11 59 17 
TEST 57 ARG:71 26 28 35 76 56 72 51 39 60 24 81 94 32 21 37 23 29 96 85 53 86 6 90 9 65 75 34 64 93 82 50 61 55 62 3 57 46 25 36 11 69 78 99 83 43 97 87 67 38 95 73 89 41 44 13 98 48 14 54 47 4 52 7 92 84 79 63 8 59 80 68 19 77 16 31 42 66 20 70 17 1 74 45 33 49 40 58 15 10 27 0 91 5 12 88 30 22 18 2 
TEST 58 ARG:72 28 56 52 6 8 60 13 15 10 82 39 78 32 24 68 18 19 25 50 98 84 38 5 70 92 37 49 48 54 83 79 43 67 99 77 62 58 40 51 1 61 36 85 96 57 64 63 4 95 75 76 71 29 59 90 31 20 86 22 89 26 3 21 9 66 7 0 11 34 12 65 14 30 91 74 93 87 69 17 80 45 44 81 53 97 55 23 88 47 46 33 94 2 35 27 42 73 16 41 
TEST 59 ARG:38 87 82 15 12 71 29 72 60 43 85 19 47 44 8 14 33 48 95 73 81 20 62 18 32 70 53 41 3 92 17 49 59 61 26 42 76 7 66 77 5 97 4 16 11 83 51 1 2 74 40 31 37 91 56 50 52 64 58 36 88 46 25 57 96 79 45 98 94 30 65 35 68 86 99 93 10 90 54 9 55 89 67 13 39 21 23 0 6 28 34 75 27 78 63 22 69 80 84 24 
TEST 60 ARG:85 44 1 52 48 78 54 88 81 95 97 57 20 24 63 96 53 45 70 33 23 0 35 42 16 46 73 80 89 65 76 7 55 68 93 62 50 91 14 94 30 41 72 82 36 38 19 59 87 10 12 86 90 21 83 18 39 58 69 40 79 34 47 29 5 67 25 2 77 11 6 60 26 8 32 37 51 9 66 99 31 13 3 17 15 28 74 84 71 64 49 98 27 75 56 43 61 4 22 92 
TEST 61 ARG:85 86 24 70 88 43 12 62 90 42 50 41 38 0 4 10 3 16 60 66 73 65 36 48 7 21 69 82 56 34 55 74 72 59 15 44 95 22 5 26 77 23 25 87 1 93 53 14 75 13 61 51 84 2 40 9 64 98 46 89 67 18 39 58 78 54 30 8 83 57 35 37 80 28 79 11 31 81 96 97 33 29 71 63 32 27 17 52 45 19 20 49 47 92 94 68 99 91 76 6 
TEST 62 ARG:2 95 67 29 86 80 53 43 54 71 63 27 52 60 89 15 84 49 83 74 97 69 6 10 51 96 28 45 92 17 13 72 7 35 23 20 38 46 0 70 37 77 78 25 47 79 16 41 58 75 39 1 9 65 68 99 33 73 40 90 31 3 61 8 87 14 30 85 88 50 4 42 56 21 36 44 98 5 81 55 26 66 32 91 19 57 48 12 18 22 11 94 82 34 93 64 76 59 24 62 
TEST 63 ARG:27 58 40 52 16 34 50 21 2 79 81 1 49 39 7 63 41 19 24 90 97 32 60 29 53 67 94 86 10 43 0 75 65 87 18 20 80 56 62 93 45 74 91 11 64 73 84 55 14 57 85 4 66 17 76 31 77 37 12 35 54 8 51 68 28 47 83 88 15 98 48 22 59 69 6 61 71 46 3 9 70 89 38 23 82 96 25 30 92 99 13 95 5 26 72 78 36 44 42 33 
TEST 64 ARG:86 11 58 37 59 41 70 56 27 24 77 38 36 15 96 2 35 17 46 51 26 19 73 40 54 83 0 81 29 89 47 84 60 1 92 12 34 28 4 55 6 5 32 94 99 69 9 62 44 7 30 64 57 72 91 43 18 93 79 50 68 85 48 61 10 33 31 88 63 98 65 16 21 75 14 23 49 95 67 71 45 39 20 97 52 25 90 82 13 8 22 53 74 42 76 87 78 80 66 3 
TEST 65 ARG:50 1 82 54 10 53 2 81 44 93 88 37 87 21 63 45 70 12 91 55 0 9 89 90 65 69 8 30 47 85 73 24 68 66 38 40 19 43 20 14 13 6 51 33 61 60 15 31 77 59 58 16 41 92 48 17 97 27 67 64 95 78 11 80 75 5 7 57 3 96 26 76 34 28 18 35 49 29 36 32 72 71 46 25 94 23 84 52 86 74 79 22 42 62 98 4 99 39 83 56 
TEST 66 ARG:82 52 75 74 98 6 73 35 90 92 56 49 0 42 94 5 84 30 41 62 69 2 1 68 89 50 44 9 13 51 55 18 38 67 34 77 85 88 64 76 65 97 57 91 31 14 32 24 20 43 70 93 17 72 40 25 53 81 46 48 4 59 79 95 80 83 16 8 86 71 33 23 45 96 27 11 37 29 26 78 15 87 19 58 63 22 66 10 99 7 21 54 28 39 61 47 60 36 12 3 
TEST 67 ARG:87 89 69 72 94 76 20 19 57 11 23 74 60 42 85 80 82 62 53 5 61 81 12 8 91 34 39 41 17 31 93 98 96 51 10 49 0 77 6 78 29 63 73 32 65 50 27 99 22 88 28 55 84 18 97 58 3 70 33 59 9 66 25 46 43 75 95 26 40 56 79 54 16 90 86 2 36 4 30 47 15 48 35 24 71 64 68 44 13 21 83 38 45 14 37 67 1 92 52 7 
TEST 68 ARG:39 28 41 43 86 21 84 3 83 58 59 33 53 93 70 34 19 37 85 88 80 82 51 52 14 45 96 99 15 22 69 18 25 77 38 63 11 94 24 13 89 90 97 12 36 55 67 16 65 76 44 74 48 9 50 0 46 31 5 75 79 68 10 62 47 56 1 23 27 54 60 26 29 17 78 81 20 95 73 87 72 30 42 8 57 66 91 40 35 32 61 98 2 49 64 71 7 92 4 6 
TEST 69 ARG:85 51 21 47 68 89 65 4 72 36 90 11 92 6 97 23 10 41 57 33 75 99 24 96 98 93 88 80 76 30 78 25 5 1 94 52 70 77 19 16 63 8 9 74 58 62 95 32 38 86 50 7 14 22 27 64 66 29 79 73 91 39 69 2 20 55 17 83 28 54 26 43 42 84 40 53 31 81 61 45 59 34 48 60 46 82 49 71 67 87 35 18 12 37 44 13 56 0 3 15 
TEST 70 ARG:65 34 19 15 68 11 82 17 58 18 3 96 12 0 86 29 93 49 2 43 67 81 25 38 72 94 44 99 39 89 87 24 37 51 48 59 55 66 84 32 52 42 26 76 80 78 64 41 40 33 16 6 10 92 20 57 23 88 77 35 45 31 36 50 54 4 30 7 63 27 47 61 21 56 60 1 73 83 95 69 8 75 98 71 97 85 74 9 46 14 5 62 70 53 22 90 28 91 13 79 
TEST 71 ARG:38 21 40 75 31 42 32 60 36 82 20 6 95 33 7 74 73 13 91 59 23 69 89 15 34 70 19 47 97 86 39 12 67 77 51 66 58 57 27 2 96 92 45 46 76 9 62 24 53 28 1 3 55 48 99 88 64 98 25 87 61 18 83 41 14 78 68 80 50 22 94 56 71 0 54 10 8 17 65 44 81 5 90 30 35 63 79 11 72 37 4 84 85 26 43 49 29 16 52 93 
TEST 72 ARG:62 25 58 83 22 59 13 95 4 39 72 94 70 2 27 20 12 3 44 67 35 66 30 60 19 56 53 21 26 74 34 14 81 52 61 1 10 54 69 9 0 32 86 78 15 41 38 88 68 98 80 36 40 23 48 76 18 45 51 5 57 87 50 91 37 29 7 93 42 6 84 33 77 90 97 28 89 17 64 82 46 16 31 92 65 8 79 75 99 85 11 96 49 24 63 47 55 71 43 73 
TEST 73 ARG:32 45 62 41 12 85 99 16 76 98 51 80 78 74 86 57 9 28 40 33 7 82 87 21 29 84 88 59 93 2 20 14 53 52 64 18 94 48 50 54 34 8 97 58 63 25 79 75 66 4 43 69 42 68 61 47 89 36 15 55 91 96 5 49 83 70 60 19 56 6 13 77 1 37 17 31 71 22 44 23 35 73 3 67 46 10 81 72 27 11 65 90 38 95 0 30 24 26 39 92 
TEST 74 ARG:62 71 14 99 79 73 83 4 17 42 44 66 92 55 18 52 87 76 9 86 68 48 90 82 75 27 39 72 21 20 30 8 69 10 93 19 74 35 28 61 31 80 37 64 25 85 12 63 36 91 53 23 6 47 29 26 38 78 95 2 89 22 24 97 84 0 51 57 67 40 56 98 34 16 49 81 96 11 3 46 13 65 15 94 45 50 58 43 5 7 70 54 60 41 88 59 1 32 33 77 
TEST 75 ARG:79 24 48 89 2 47 11 22 27 46 96 72 66 51 15 43 73 7 3 33 41 93 91 30 8 17 55 23 85 76 82 14 26 86 92 57 9 77 44 78 29 32 95 83 5 10 0 63 1 6 99 59 42 70 39 87 13 34 94 16 74 58 20 35 75 60 80 69 90 25 18 97 19 62 67 71 54 49 52 61 40 12 38 37 50 21 36 81 53 84 56 31 28 45 65 88 98 64 4 68 
TEST 76 ARG:89 44 23 24 90 9 27 60 34 5 10 17 84 18 58 50 19 56 93 16 70 39 0 11 43 54 61 98 47 57 55 4 83 82 62 53 71 32 1 22 66 92 37 49 95 14 33 59 26 77 40 46 12 68 64 79 96 6 41 2 97 67 65 45 69 42 51 20 7 75 73 81 31 21 3 74 28 88 30 63 35 38 94 72 80 48 76 52 85 87 8 36 91 13 15 99 78 25 29 86 
TEST 77 ARG:59 70 7 81 17 33 93 87 44 31 4 25 50 92 0 66 42 73 85 1 23 40 3 90 53 20 9 11 48 14 78 51 84 41 28 80 97 36 43 64 91 57 75 86 95 77 69 88 52 65 10 67 61 89 32 83 79 16 18 96 8 68 30 19 12 26 74 60 15 47 37 21 39 6 62 94 29 34 71 35 54 55 38 99 22 56 2 63 13 49 24 98 82 76 58 5 45 46 72 27 
TEST 78 ARG:69 48 38 71 45 74 10 41 72 11 84 85 26 19 13 30 47 81 57 18 22 9 23 78 91 75 51 33 27 66 99 6 92 54 4 20 83 50 73 98 31 36 77 79 68 49 70 97 88 94 29 44 37 61 64 14 59 67 25 43 55 60 89 82 46 58 35 3 62 80 7 39 96 12 2 56 24 0 90 52 16 34 15 65 93 1 8 28 21 5 40 17 76 95 87 86 42 53 32 63 
TEST 79 ARG:68 91 87 61 17 55 51 21 13 8 1 9 83 77 26 54 43 42 52 64 22 93 75 65 72 7 15 66 85 32 18 39 24 90 6 23 25 70 38 69 74 35 58 10 89 28 47 56 82 99 78 88 53 36 34 29 67 60 96 98 46 2 33 30 92 48 40 4 84 50 63 76 0 20 12 31 37 86 71 59 45 79 19 5 11 62 80 95 57 14 97 94 16 44 81 73 27 41 3 49 
TEST 80 ARG:90 9 97 22 47 50 59 18 76 2 70 17 69 16 67 73 42 26 43 62 35 37 93 96 27 40 52 57 65 79 31 25 21 77 54 48 91 4 64 28 98 33 63 86 87 71 80 13 24 10 44 61 84 45 99 6 36 1 34 32 78 51 3 94 83 66 88 15 85 12 38 53 39 55 7 92 8 68 19 30 58 81 95 5 60 23 75 14 56 11 46 49 20 0 29 74 82 41 72 89 
TEST 81 ARG:66 28 21 48 22 8 23 79 58 63 99 53 64 40 94 13 46 24 36 6 26 52 51 55 3 57 98 74 68 91 35 39 87 72 4 44 41 43 80 88 75 5 25 33 82 96 12 50 47 27 62 38 0 76 10 20 11 65 78 31 90 16 7 49 19 89 14 29 95 61 9 17 97 60 1 37 15 83 45 71 73 67 42 69 56 86 59 2 70 32 18 77 30 93 84 85 81 34 54 92 
TEST 82 ARG:53 3 65 40 19 81 71 55 17 31 96 36 35 69 2 67 22 10 32 41 95 14 97 1 16 84 68 24 38 42 21 26 51 23 58 45 5 87 99 94 54 64 37 47 77 9 34 83 20 56 70 0 30 12 48 92 76 46 7 90 79 15 6 8 78 60 27 59 73 29 75 61 89 57 63 91 49 80 25 88 4 44 33 52 18 11 74 28 86 72 66 98 62 43 93 13 82 50 85 39 
TEST 83 ARG:11 62 0 79 48 22 35 31 55 65 53 58 6 72 85 94 92 54 37 17 74 9 43 96 14 97 15 52 45 57 78 70 40 20 13 49 26 83 25 86 89 1 87 34 90 3 12 21 44 2 42 82 75 50 93 84 60 19 47 91 39 66 16 32 23 38 7 61 64 33 28 5 51 10 36 41 18 59 99 73 30 69 67 88 98 4 63 24 56 68 8 95 29 81 76 27 46 80 77 71 
TEST 84 ARG:96 88 43 40 89 24 3 56 91 58 14 42 28 85 1 65 54 60 84 31 97 4 52 6 81 94 30 0 32 77 79 12 11 13 95 45 37 38 67 53 86 99 22 5 80 87 59 8 41 34 20 46 19 39 70 63 62 66 75 71 15 21 64 92 47 17 68 50 83 55 98 74 44 35 57 93 73 49 18 23 16 69 48 27 61 90 25 29 26 9 33 78 51 76 2 82 7 10 36 72 
TEST 85 ARG:56 3 46 9 5 1 48 96 16 11 21 66 65 54 61 44 94 7 12 38 13 70 0 39 71 42 29 30 41 2 69 83 73 95 68 43 31 85 6 28 90 23 91 32 67 84 52 50 55 49 47 75 57 78 89 25 15 51 76 63 20 14 87 88 4 19 77 45 86 27 22 79 40 59 37 72 24 60 93 36 34 62 97 98 18 99 58 17 33 10 26 53 92 82 81 74 35 8 80 64 
TEST 86 ARG:79 88 1 52 85 41 42 91 65 64 16 4 19 69 76 43 98 17 0 95 74 96 10 32 7 63 47 90 34 92 78 57 72 77 36 67 51 54 97 61 6 2 12 13 87 21 53 62 26 14 73 30 35 58 50 84 81 24 75 71 68 22 40 3 44 80 70 48 82 89 15 18 60 23 55 83 45 8 94 28 37 59 29 31 11 49 33 99 66 93 20 5 9 56 38 39 86 25 27 46 
TEST 87 ARG:95 59 88 98 31 76 64 38 82 83 69 93 94 13 14 42 51 12 67 97 2 53 21 75 89 65 34 39 4 50 17 26 40 24 28 72 57 5 55 7 96 62 11 71 37 52 85 10 25 58 60 66 6 43 74 56 79 78 84 23 29 41 35 36 1 22 91 92 47 18 68 90 9 99 87 8 0 30 45 33 19 27 54 16 49 3 61 63 77 46 32 15 48 20 80 73 86 70 81 44 
TEST 88 ARG:32 95 86 99 40 96 66 38 61 75 43 8 68 70 89 0 25 37 34 19 83 74 98 84 72 53 56 12 10 62 85 71 11 88 1 42 3 57 23 4 52 73 54 49 14 18 64 50 47 5 87 78 93 59 76 58 7 26 2 48 27 60 65 6 36 41 16 94 46 77 21 63 22 67 29 81 28 15 9 91 79 39 69 92 24 80 51 13 45 44 20 17 30 33 90 55 82 31 97 35 
TEST 89 ARG:79 11 98 80 8 53 56 72 58 84 48 24 38 50 20 28 67 77 29 88 87 27 99 23 94 86 31 39 33 93 17 96 43 42 7 13 85 19 55 71 62 35 1 69 47 89 92 76 30 60 51 59 36 46 91 63 68 34 3 14 4 82 26 45 15 81 73 64 16 57 25 21 90 9 40 61 18 37 74 52 78 75 95 12 83 5 44 2 10 6 65 0 22 54 70 97 66 32 49 41 
TEST 90 ARG:92 60 14 72 87 48 21 56 73 71 50 64 8 30 9 46 4 17 88 28 89 61 86 93 13 39 54 7 84 55 78 36 0 27 44 53 18 95 33 94 15 69 23 20 97 25 70 24 16 75 11 91 40 49 81 96 63 77 76 51 85 67 79 45 58 1 52 47 82 5 6 41 26 29 83 65 42 80 38 10 19 98 99 57 37 59 66 12 31 68 90 43 35 62 22 2 34 74 3 32 
TEST 91 ARG:11 78 21 24 2 64 90 32 15 93 55 22 25 26 99 62 60 36 94 42 83 33 31 0 56 38 65 30 86 74 16 37 47 79 59 61 17 51 43 63 73 95 98 96 14 41 29 6 52 75 97 80 68 8 84 66 13 39 10 72 91 5 89 9 69 53 50 4 44 3 70 27 18 28 85 58 45 12 1 35 19 87 88 92 54 7 34 57 20 76 40 49 67 23 46 81 82 48 77 71 
TEST 92 ARG:10 3 89 88 21 0 37 36 19 84 39 99 63 62 85 49 24 82 17 23 16 47 11 67 97 77 79 4 13 48 45 42 14 33 52 46 60 28 6 93 22 35 18 32 27 70 86 30 50 69 2 29 73 80 7 78 5 98 25 87 91 72 44 90 83 58 38 8 43 94 95 56 12 41 81 59 26 96 51 61 55 40 15 71 66 65 75 1 34 57 31 92 54 68 53 64 9 20 74 76 
TEST 93 ARG:67 34 92 5 73 20 71 74 91 94 50 54 28 62 0 29 21 40 65 87 16 17 81 61 26 89 23 78 6 93 60 22 11 63 25 43 57 1 80 64 42 18 39 4 83 41 7 32 12 96 45 56 55 76 86 13 79 68 85 9 48 77 95 69 30 2 8 10 59 97 84 47 31 3 99 19 75 52 36 82 66 37 27 53 58 49 51 98 14 90 38 15 35 46 33 72 24 44 88 70 
TEST 94 ARG:57 59 77 86 74 91 92 45 47 41 18 94 76 65 38 2 14 20 98 78 84 49 36 37 89 33 28 6 66 54 42 62 73 58 50 30 39 95 40 69 22 99 70 29 35 97 56 8 75 60 90 13 17 21 64 71 9 15 4 83 46 3 96 43 25 12 68 11 1 44 81 19 67 87 48 51 52 82 16 27 31 24 26 63 61 34 79 0 88 72 5 32 10 80 7 93 85 55 23 53 
TEST 95 ARG:45 77 94 43 2 50 47 66 46 95 38 62 72 20 85 44 69 33 98 87 97 42 35 55 40 99 75 15 1 52 41 24 34 71 0 82 80 90 56 6 73 36 10 65 67 83 63 17 21 25 78 51 39 37 88 23 11 54 59 57 61 96 28 32 53 64 13 16 22 18 91 76 58 48 60 30 7 79 92 3 31 70 5 81 27 26 68 49 8 29 19 9 74 12 89 84 93 14 4 86 
TEST 96 ARG:1 64 86 47 83 4 55 41 77 63 30 17 68 84 67 34 81 66 38 53 80 13 0 11 56 18 94 16 51 46 25 71 89 15 54 91 27 6 65 78 12 3 10 79 8 24 32 40 20 21 48 93 62 58 29 39 74 37 61 5 2 19 95 14 57 31 44 92 42 36 59 76 82 26 85 60 43 87 98 7 99 75 72 45 73 97 28 69 90 49 23 50 96 52 88 70 35 33 22 9 
TEST 97 ARG:54 20 71 26 60 1 12 27 40 86 74 47 67 51 68 37 58 83 73 10 64 59 53 56 6 4 72 70 29 36 49 17 23 94 19 34 11 97 82 62 88 7 99 89 35 57 33 91 79 22 50 90 45 63 32 31 42 76 3 18 43 5 41 65 44 92 21 80 78 52 9 66 14 39 46 81 98 55 24 16 96 77 84 15 93 75 85 2 95 38 87 61 48 8 30 28 25 69 0 13 
TEST 98 ARG:3 42 6 14 87 48 79 71 47 54 73 38 29 41 11 81 95 82 91 15 37 52 22 28 8 68 99 64 93 92 4 23 33 59 97 24 34 43 89 86 2 1 72 0 25 77 7 45 57 76 74 50 55 10 62 70 31 46 96 98 39 27 5 9 84 20 12 26 32 35 78 40 13 53 36 16 61 17 49 83 58 65 18 21 67 88 69 85 66 60 80 94 51 90 19 44 30 75 63 56 
TEST 99 ARG:68 92 5 23 87 77 0 59 76 9 80 10 7 35 91 45 71 95 21 39 33 13 90 25 72 29 50 11 48 38 88 56 12 89 86 66 6 94 70 53 84 8 81 99 30 1 17 55 78 57 28 37 36 73 93 31 97 14 82 47 24 61 4 40 20 75 22 26 44 83 54 60 42 74 85 46 3 43 41 2 64 27 49 32 52 34 51 69 58 79 65 16 63 62 67 19 15 98 18 96 
TEST 100 ARG:85 67 76 54 89 34 18 77 7 29 60 57 94 4 70 16 69 26 50 24 3 45 62 83 41 1 13 8 38 96 47 71 81 40 19 44 27 11 2 90 37 84 95 6 20 42 91 73 92 36 53 12 80 22 97 66 5 17 68 82 99 10 63 30 78 86 48 15 65 28 64 14 0 56 88 79 9 35 93 75 33 46 72 49 98 58 87 32 74 43 21 25 52 59 61 51 39 55 31 23 
TEST 101 ARG:89 76 70 33 1 66 67 21 96 40 50 8 11 49 68 14 92 91 42 98 27 73 80 86 12 30 54 83 2 62 31 48 90 71 94 4 41 35 24 84 75 95 61 28 43 93 19 65 82 15 97 78 55 47 25 22 36 3 74 87 69 51 85 81 7 17 37 6 39 57 59 45 77 26 44 32 5 13 53 34 88 9 0 38 10 60 16 29 56 72 99 23 52 18 64 79 46 63 20 58 
TEST 102 ARG:50 89 41 26 15 80 5 72 64 99 14 0 32 23 21 2 98 91 47 3 81 10 73 39 44 27 6 4 57 65 8 45 22 11 25 9 74 67 77 35 48 86 51 78 53 12 94 60 96 82 90 37 97 61 17 31 56 69 19 71 34 59 62 55 38 20 42 43 24 70 13 18 52 85 88 36 58 75 79 93 54 29 92 84 83 1 33 28 63 68 95 66 40 46 7 87 16 49 30 76 
TEST 103 ARG:64 70 74 81 50 14 96 46 34 95 72 7 86 18 20 42 19 23 37 39 26 1 62 6 12 59 31 83 76 0 47 85 21 57 71 5 38 66 61 56 68 36 29 87 58 49 98 55 77 60 11 15 17 24 79 8 16 99 43 82 69 27 89 80 53 65 32 51 33 25 3 67 88 90 91 63 45 92 84 78 93 2 48 44 40 97 30 4 75 94 73 52 10 13 22 54 41 28 35 9 
TEST 104 ARG:70 55 2 9 97 73 16 35 21 13 74 63 34 12 56 48 76 24 98 7 58 87 17 68 59 38 61 10 25 54 71 47 85 15 80 36 14 66 79 81 44 0 89 43 72 94 42 22 86 27 64 99 96 6 92 50 32 84 53 45 91 5 37 39 57 93 19 52 49 8 30 78 3 41 77 51 95 1 23 33 65 28 83 29 75 18 20 60 67 11 40 69 26 88 31 46 82 90 4 62 
TEST 105 ARG:0 45 48 72 37 85 47 71 3 97 12 40 63 29 81 76 83 68 30 2 57 27 25 54 46 73 13 56 91 62 23 15 70 64 58 86 82 42 22 35 84 94 60 41 5 65 77 4 95 66 11 6 53 99 7 69 24 55 93 14 17 10 90 96 26 98 92 1 38 34 18 20 19 74 50 9 32 67 43 16 79 33 49 89 31 87 75 21 52 88 44 8 39 51 59 28 78 36 80 61 
TEST 106 ARG:38 64 80 0 33 39 92 98 86 17 43 4 81 12 41 37 74 42 53 19 71 50 48 18 21 70 59 27 56 30 85 3 26 1 14 79 32 75 9 63 93 96 13 54 34 36 15 16 76 24 99 2 66 46 44 69 65 78 61 55 28 72 94 90 8 5 29 83 20 97 68 57 95 60 84 58 88 22 11 89 35 73 49 45 6 31 82 62 87 25 10 67 23 77 52 47 7 40 91 51 
TEST 107 ARG:97 94 17 90 60 35 24 39 43 38 82 51 1 6 81 49 26 67 10 68 86 83 61 85 69 25 14 93 75 96 29 73 8 53 15 55 9 98 42 40 70 62 77 89 16 11 19 47 52 23 37 56 13 45 79 4 88 71 80 46 5 58 44 0 48 30 92 78 12 65 95 2 20 22 21 74 50 33 59 28 57 32 64 72 41 34 84 31 36 87 7 54 91 99 18 76 63 27 3 66 
TEST 108 ARG:98 84 94 60 29 53 46 25 71 14 11 91 52 64 63 67 2 77 58 40 59 81 21 22 5 87 41 80 34 36 1 9 49 89 79 70 3 7 88 30 12 90 50 78 48 37 56 42 97 24 62 27 86 15 83 18 95 31 68 47 8 10 92 57 39 82 4 69 61 51 32 55 76 6 93 38 17 43 72 99 35 73 96 33 13 66 54 26 23 19 20 44 85 0 16 75 74 28 45 65 
TEST 109 ARG:25 95 61 27 36 28 58 15 57 53 12 14 60 93 7 66 31 98 5 68 72 32 34 86 24 65 85 76 20 89 2 35 49 77 43 51 30 67 92 21 70 4 88 9 83 97 64 96 91 63 62 73 82 33 17 0 47 94 18 10 19 40 22 90 3 54 80 75 84 6 46 87 13 78 81 45 42 41 44 59 26 38 55 23 39 16 71 11 56 52 69 74 1 29 37 50 99 79 8 48 
TEST 110 ARG:71 48 28 7 17 16 82 89 27 43 68 24 88 60 41 18 0 93 76 29 61 56 96 49 35 92 44 47 94 83 86 87 38 31 45 34 91 77 80 32 1 36 26 5 54 58 11 2 75 21 84 65 6 97 90 46 22 9 33 50 57 64 37 4 40 72 39 55 23 25 79 81 62 53 10 70 66 73 30 51 52 15 78 20 99 95 8 13 59 85 12 63 98 74 69 14 19 42 67 3 
TEST 111 ARG:47 49 5 2 0 92 85 30 45 22 79 57 18 64 28 73 33 70 78 93 88 7 69 61 21 56 13 62 74 99 81 63 44 10 16 84 1 46 14 20 41 97 26 42 9 11 91 35 59 65 12 17 37 76 89 19 67 53 31 72 51 96 3 68 43 54 15 6 23 48 40 34 52 55 8 27 50 4 90 58 87 60 77 86 25 71 38 80 36 98 24 83 39 95 32 29 66 82 94 75 
TEST 112 ARG:78 37 46 55 21 67 68 38 11 92 73 19 90 81 32 49 98 88 26 87 75 56 43 44 79 34 74 9 96 24 89 0 99 31 61 7 95 47 30 10 6 50 86 64 82 57 15 76 48 42 33 53 94 62 54 77 71 85 52 70 93 4 63 20 28 22 91 16 39 80 8 40 14 59 51 97 27 5 3 66 60 65 23 69 2 58 45 13 12 29 25 83 17 1 84 36 72 18 41 35 
TEST 113 ARG:74 14 34 60 46 13 28 16 40 4 54 48 1 22 0 73 99 85 24 23 11 91 6 71 88 9 59 47 97 84 90 35 57 83 39 45 7 18 58 65 95 31 69 41 64 80 42 19 68 5 10 8 81 33 38 15 55 86 49 89 12 98 36 37 27 75 50 77 52 3 96 92 61 56 94 78 26 66 2 20 82 21 87 43 32 63 93 53 76 30 44 79 51 25 17 67 62 72 29 70 
TEST 114 ARG:19 46 37 42 31 12 65 6 80 2 27 5 58 76 83 50 18 48 92 87 33 9 30 86 55 74 61 22 53 67 17 44 85 70 23 34 8 64 49 77 4 96 62 7 79 89 40 39 57 43 81 35 90 1 38 95 16 97 84 28 25 13 51 47 32 15 78 26 82 66 75 20 71 3 59 29 36 11 10 73 98 99 24 14 0 72 63 68 41 60 88 91 21 45 93 69 52 54 94 56 
TEST 115 ARG:3 62 5 27 94 84 2 95 97 8 56 22 44 54 86 38 53 63 25 34 47 20 16 50 41 26 65 14 72 40 52 58 77 82 64 29 24 90 45 75 69 76 89 23 49 18 70 43 11 92 88 19 79 74 4 15 81 87 99 66 59 55 42 80 67 9 51 37 48 39 0 12 57 60 30 13 31 7 83 10 71 78 33 85 96 91 98 28 6 1 68 35 93 32 21 36 17 61 73 46 
TEST 116 ARG:39 8 28 99 20 1 12 70 72 2 18 86 67 71 9 56 62 25 60 54 63 42 84 4 27 83 52 30 93 34 73 80 6 75 23 85 26 90 57 0 55 24 87 58 19 14 61 46 29 49 35 78 97 15 74 33 45 95 7 59 51 17 94 11 79 16 38 66 98 48 96 82 41 92 88 47 10 53 5 44 68 77 89 50 31 91 36 40 76 37 22 69 43 32 81 13 3 21 65 64 
TEST 117 ARG:4 66 0 55 94 73 97 1 51 78 27 23 79 74 68 62 61 71 81 56 85 45 84 77 5 57 6 83 15 91 86 72 49 8 31 48 69 63 13 25 75 3 98 89 18 52 40 95 26 11 50 46 33 67 93 34 42 17 65 96 14 64 16 39 76 90 37 53 92 28 43 41 59 32 70 19 2 47 82 99 9 87 58 36 44 29 21 20 80 24 35 38 60 12 10 88 22 30 7 54 
TEST 118 ARG:99 13 35 30 60 29 78 20 26 47 56 37 87 68 57 42 67 51 76 14 89 65 94 15 97 44 32 81 96 21 82 24 39 55 11 75 3 41 16 83 61 8 54 34 58 91 31 22 45 64 36 27 40 18 25 9 38 19 48 88 86 62 4 80 77 90 66 53 10 85 93 49 17 28 33 46 69 95 0 92 98 63 5 43 70 1 6 79 73 52 50 72 7 71 74 2 84 12 23 59 
TEST 119 ARG:59 72 60 9 45 53 92 17 13 89 6 80 91 82 66 28 25 44 73 49 46 30 33 32 29 69 11 36 94 48 18 57 77 99 15 19 54 68 40 97 87 64 7 24 52 47 74 75 83 90 35 98 20 10 79 22 37 84 16 21 42 96 61 41 70 51 8 63 81 71 76 5 23 0 34 62 85 39 65 50 88 95 58 67 3 2 55 93 78 12 27 4 1 56 14 26 43 31 86 38 
TEST 120 ARG:48 16 12 53 82 33 40 83 18 87 99 44 57 1 42 76 47 36 29 23 97 73 4 88 59 3 37 31 55 6 62 8 96 65 71 11 10 92 90 22 0 19 56 68 34 21 77 67 43 84 63 69 74 85 30 51 61 20 9 94 91 7 41 38 66 25 5 49 75 28 72 46 93 58 52 54 70 60 86 35 80 32 13 14 81 2 45 78 24 27 98 64 79 50 95 15 39 17 26 89 
TEST 121 ARG:99 72 49 1 89 51 24 0 98 20 45 14 35 55 32 69 7 40 94 12 92 57 23 70 84 3 19 63 97 77 85 9 43 60 2 8 44 74 34 83 47 22 59 71 79 53 62 28 73 91 82 27 90 17 41 64 15 81 76 38 25 87 58 4 13 75 65 86 68 16 5 33 37 67 48 11 96 56 46 6 52 42 50 26 30 95 61 78 18 31 36 93 80 21 88 10 66 29 54 39 
TEST 122 ARG:1 83 88 40 81 74 94 13 59 92 45 9 49 7 15 36 39 10 71 70 68 96 38 20 34 28 97 63 48 77 73 46 22 32 64 11 60 93 30 8 43 29 4 57 95 27 98 67 47 14 24 44 21 66 87 91 72 6 17 23 35 0 52 50 19 18 76 80 55 53 85 2 89 16 33 5 78 25 62 51 54 37 58 26 69 12 99 79 56 65 61 75 41 84 90 42 82 31 86 3 
TEST 123 ARG:10 45 39 36 57 88 43 65 89 44 56 22 16 75 76 24 60 35 68 33 74 28 34 18 38 26 13 80 99 40 0 77 29 83 51 52 53 1 54 69 37 85 84 42 98 4 19 62 17 23 61 81 8 49 73 50 48 58 11 27 79 12 30 67 15 3 94 32 5 9 71 66 96 63 86 91 20 72 2 41 64 55 6 14 7 25 46 92 47 90 78 97 82 21 31 95 87 93 59 70 
TEST 124 ARG:41 6 82 39 64 45 57 1 76 97 55 54 94 42 4 44 16 75 63 43 48 28 52 38 80 85 9 13 35 79 33 36 51 84 95 10 7 59 87 72 29 73 32 86 20 34 50 31 23 62 71 68 27 61 21 46 12 93 58 14 88 5 53 77 18 17 83 81 56 90 78 47 92 3 15 40 24 60 89 19 67 8 30 49 70 99 98 91 96 11 65 2 25 22 74 69 37 26 66 0 
TEST 125 ARG:1 89 34 21 92 53 16 85 61 44 5 32 20 30 26 79 59 98 38 94 65 81 73 33 60 58 86 88 9 66 83 64 80 84 24 55 3 68 35 18 29 40 42 0 57 28 71 50 74 49 12 8 82 70 93 52 78 4 63 96 15 6 95 56 43 77 25 7 47 69 72 36 11 19 14 87 31 13 37 39 99 48 27 62 91 23 41 76 10 2 46 22 97 90 51 75 17 54 45 67 
TEST 126 ARG:76 93 55 88 36 75 18 42 53 30 70 2 33 24 96 19 51 1 12 3 11 48 58 32 22 72 20 82 5 8 9 16 89 63 67 43 98 74 4 39 0 57 73 37 13 90 61 56 45 59 47 84 60 38 68 69 94 92 81 86 28 65 71 17 7 6 15 78 50 64 91 44 23 83 31 34 41 79 80 52 54 26 99 95 35 66 97 40 77 29 46 27 21 87 85 25 14 49 10 62 
TEST 127 ARG:54 2 94 45 78 20 70 28 12 3 85 72 33 38 63 24 71 19 93 82 60 91 23 15 48 55 11 64 34 32 14 13 69 84 22 43 47 77 16 50 25 37 90 62 41 29 5 67 58 83 75 61 49 66 44 27 68 30 17 1 18 81 73 51 80 9 86 39 35 88 57 89 79 95 96 10 0 56 65 8 42 74 52 21 98 7 46 59 31 99 87 26 6 53 36 97 4 92 76 40 
TEST 128 ARG:62 36 55 14 78 43 68 17 53 69 34 61 30 65 91 16 99 77 70 59 13 32 21 44 72 97 25 1 4 27 11 79 20 12 49 47 2 87 93 10 82 64 24 28 40 51 15 41 76 3 88 33 8 57 83 39 85 54 63 37 5 35 96 48 23 66 18 94 6 95 29 98 0 84 89 50 26 86 7 22 45 71 38 67 19 75 81 90 80 60 73 74 58 9 42 31 46 52 56 92 
TEST 129 ARG:39 41 22 94 27 1 18 9 42 82 17 44 35 83 0 59 90 4 48 99 57 91 75 89 5 87 33 60 40 8 21 95 34 7 81 43 28 92 73 58 67 20 98 19 14 3 88 86 36 24 54 51 32 11 37 12 79 49 93 56 85 13 74 15 97 66 61 31 26 64 65 62 2 71 77 30 63 84 53 69 68 78 55 29 52 23 46 6 10 80 16 96 76 72 47 25 70 50 45 38 
TEST 130 ARG:61 19 98 99 38 34 84 47 62 92 82 72 9 77 64 94 55 75 56 37 21 3 43 11 58 96 13 0 90 83 4 7 93 36 59 87 60 91 5 52 6 12 31 86 67 25 10 63 20 27 24 15 74 14 39 45 81 29 32 2 44 79 76 40 30 95 16 42 66 89 46 53 71 57 68 69 97 85 48 65 33 78 49 70 51 50 73 41 28 35 1 88 17 80 18 8 22 54 26 23 
TEST 131 ARG:84 80 76 48 33 24 26 32 77 55 45 20 64 83 75 37 0 4 94 8 44 1 28 99 46 5 30 51 57 66 27 15 34 18 14 97 95 56 10 23 40 88 78 85 65 2 43 54 79 17 31 61 13 9 93 67 35 39 49 72 21 98 47 68 12 50 59 69 19 25 71 70 3 63 11 91 60 38 42 7 16 62 6 22 90 92 86 74 58 73 81 87 89 29 36 82 96 53 41 52 
TEST 132 ARG:89 75 91 38 31 37 62 87 86 46 8 40 23 45 9 30 21 90 50 83 60 12 43 20 3 59 99 33 6 11 22 48 53 69 10 52 27 71 98 49 55 97 92 2 58 44 42 73 57 5 26 14 70 51 85 32 35 74 78 29 28 24 19 93 88 84 4 82 39 77 25 18 94 16 0 64 56 17 1 7 68 63 34 80 81 36 54 65 72 13 67 79 76 66 15 61 41 95 96 47 
TEST 133 ARG:68 42 27 49 25 93 83 98 8 56 33 57 17 84 60 24 47 79 99 9 2 15 11 13 73 5 85 32 36 54 95 18 28 76 22 91 86 52 75 87 30 94 34 44 64 1 81 12 78 58 80 35 51 20 16 45 4 0 10 92 29 37 69 77 62 46 63 89 43 97 71 38 7 23 40 6 26 67 88 96 19 82 48 14 3 39 65 72 59 61 50 55 66 53 21 41 70 31 74 90 
TEST 134 ARG:58 51 85 65 69 24 72 57 99 7 31 82 66 23 14 2 53 6 12 50 92 19 25 0 27 93 44 16 96 63 67 84 34 13 86 81 22 29 79 1 4 30 89 17 45 77 97 56 73 91 9 46 32 80 20 35 74 75 70 88 41 8 87 21 68 71 90 42 94 38 76 39 33 10 3 78 59 40 5 54 47 48 64 28 62 18 49 55 60 95 36 43 61 98 11 83 37 52 26 15 
TEST 135 ARG:21 73 67 42 13 66 27 51 53 90 69 16 20 32 63 14 49 47 7 61 97 59 29 41 5 93 94 9 88 8 1 12 0 17 26 18 77 33 87 76 65 4 70 86 48 36 45 68 37 58 31 35 23 92 64 22 3 46 40 85 62 39 56 11 30 38 89 15 83 10 71 25 55 6 34 74 57 96 99 80 2 54 95 28 72 19 78 79 82 75 60 91 50 43 52 24 98 44 81 84 
TEST 136 ARG:29 20 87 86 62 98 22 41 37 58 67 55 23 94 8 6 90 51 74 80 34 71 46 69 7 53 78 2 81 50 48 16 0 59 77 75 32 4 88 63 9 93 91 26 45 92 25 47 17 40 85 96 21 89 65 52 73 18 49 66 19 13 3 31 79 57 24 12 30 15 36 60 54 72 39 70 11 10 35 14 82 83 76 68 42 64 44 56 97 38 33 27 61 43 1 5 28 99 84 95 
TEST 137 ARG:40 61 7 9 4 68 84 57 17 46 14 25 59 37 98 23 60 73 26 11 38 53 15 65 95 54 51 0 10 79 89 33 20 99 71 27 18 32 72 56 66 5 44 29 88 55 8 69 75 35 16 3 48 28 77 58 19 80 52 2 70 31 94 92 74 42 96 6 49 85 12 76 34 63 78 1 21 67 41 91 62 47 50 83 43 87 64 81 86 93 97 82 22 90 36 13 39 24 30 45 
TEST 138 ARG:12 40 73 97 85 32 17 59 21 99 33 98 7 61 49 42 24 29 11 13 1 68 67 82 34 30 27 53 15 37 80 0 3 83 69 47 75 18 88 25 16 23 72 78 70 52 74 92 81 58 9 44 86 60 41 26 91 20 28 90 6 77 45 50 4 14 5 65 35 55 84 54 63 96 57 51 19 43 48 76 66 64 38 46 10 71 89 56 62 31 94 2 36 79 95 39 93 22 87 8 
TEST 139 ARG:69 74 3 87 98 99 70 53 58 54 44 43 45 26 21 9 82 41 1 77 11 2 40 84 8 12 39 67 78 85 29 91 57 18 96 50 76 94 62 46 23 22 6 72 32 28 79 73 13 89 52 60 34 51 31 86 56 0 5 68 83 55 33 4 16 30 10 88 71 63 20 81 19 75 95 38 36 97 14 59 80 47 35 93 49 90 15 66 25 7 92 17 24 27 42 61 64 48 37 65 
TEST 140 ARG:69 87 32 19 24 51 55 97 89 52 86 30 64 91 6 68 54 8 92 96 77 33 43 41 12 11 63 14 31 72 15 42 28 81 53 49 1 13 23 93 47 45 40 7 80 61 34 20 78 85 37 73 35 82 2 18 74 56 98 26 10 94 65 75 48 62 59 84 5 39 60 50 9 22 99 57 46 66 17 76 79 58 71 83 36 25 67 70 38 3 16 4 95 90 21 29 88 44 0 27 
TEST 141 ARG:55 62 79 25 68 33 65 15 51 0 66 57 98 48 50 60 85 69 71 17 27 54 87 44 18 28 32 63 30 99 26 14 86 35 42 6 1 83 49 76 45 97 40 24 89 7 93 20 59 36 12 19 16 39 29 96 70 46 34 91 31 77 4 61 47 13 84 72 11 90 82 56 43 52 5 94 9 10 78 22 41 8 80 38 92 74 64 81 67 75 73 2 23 3 95 21 58 53 37 88 
TEST 142 ARG:70 29 27 1 60 4 42 66 82 55 15 17 64 59 84 48 19 97 69 35 40 93 33 9 68 62 75 39 37 28 25 13 91 24 90 12 38 81 92 51 85 44 10 88 32 98 52 87 57 47 74 36 95 79 94 41 30 6 80 86 3 72 18 50 7 65 73 89 14 63 83 43 23 21 45 58 78 11 54 99 53 77 2 0 34 22 16 71 76 67 5 8 26 20 56 46 61 49 31 96 
TEST 143 ARG:90 74 27 1 8 84 50 87 34 61 21 44 13 22 37 71 73 59 89 42 35 82 5 60 54 67 10 17 40 76 7 70 45 94 58 81 26 46 77 49 39 99 83 97 52 11 98 6 20 80 78 56 75 24 92 63 4 19 64 85 25 96 88 28 33 23 62 91 38 57 72 68 86 18 15 29 32 66 43 41 79 36 51 12 69 2 65 93 0 9 3 14 47 30 53 31 16 95 55 48 
TEST 144 ARG:3 50 63 56 49 9 80 90 81 17 18 8 77 84 64 6 43 52 93 66 60 44 96 34 31 35 45 13 71 61 67 92 70 95 53 57 4 86 2 41 36 32 1 39 91 74 47 85 5 38 75 23 15 51 0 65 99 62 82 22 55 83 58 69 26 54 87 28 14 59 30 37 76 72 29 94 7 78 73 10 12 98 33 20 48 89 19 97 16 24 79 25 88 21 68 42 27 40 46 11 
TEST 145 ARG:66 34 41 50 31 4 16 3 83 73 47 69 28 18 93 48 89 79 44 96 88 37 38 15 11 64 59 62 45 13 7 97 84 76 20 61 65 87 74 17 52 91 99 95 23 90 57 12 82 68 24 42 39 78 21 60 43 30 63 32 72 27 55 0 5 75 40 46 53 25 33 56 8 10 86 19 85 26 49 9 77 35 94 71 22 98 1 2 67 51 29 54 92 70 36 14 81 80 6 58 
TEST 146 ARG:37 41 93 33 26 16 95 92 50 22 66 76 99 83 20 45 47 82 34 42 80 72 58 51 39 59 71 64 79 0 98 9 77 96 86 61 40 2 97 67 46 91 35 23 11 4 60 32 10 81 88 78 48 75 17 54 21 7 13 94 6 69 56 70 55 84 19 18 44 74 53 31 5 87 89 8 49 68 28 14 29 30 52 43 25 1 27 36 24 85 38 3 15 73 12 65 90 57 63 62 
TEST 147 ARG:41 81 4 32 21 11 38 43 95 89 62 64 74 94 6 8 59 73 49 22 98 86 42 10 76 75 85 34 83 39 9 66 47 12 71 84 17 54 23 68 31 50 80 24 33 52 26 82 88 78 19 1 27 61 16 29 63 56 53 48 67 91 90 0 55 51 77 35 20 97 92 70 46 15 44 28 99 93 13 5 69 58 87 60 79 2 36 45 57 3 14 25 72 18 37 65 7 30 96 40 
TEST 148 ARG:57 97 56 32 26 46 73 39 80 25 14 24 96 36 85 13 43 28 21 17 38 69 72 61 54 94 65 64 37 81 79 41 34 31 47 23 71 8 22 62 33 9 40 45 89 7 66 19 88 42 55 87 2 12 18 75 63 6 30 98 0 15 11 84 49 10 51 60 82 83 4 5 44 53 86 3 99 1 35 29 92 76 20 74 77 90 50 48 70 93 68 78 91 58 95 67 16 52 59 27 
TEST 149 ARG:89 49 47 39 34 5 70 54 2 98 32 44 1 45 91 26 88 72 14 6 11 3 56 24 59 15 96 68 41 23 10 30 99 9 74 80 76 37 93 46 51 90 22 79 52 58 86 67 48 84 62 18 13 71 82 97 19 29 53 17 7 64 73 81 57 78 77 4 21 8 92 85 87 38 55 83 12 20 35 16 31 75 61 94 69 25 0 50 36 63 33 28 43 95 66 65 60 27 40 42 
TEST 150 ARG:32 17 45 42 31 58 15 54 40 83 43 50 71 30 81 10 29 19 51 70 61 18 6 60 59 34 62 72 92 74 93 96 89 38 21 80 0 49 1 14 48 53 41 8 16 2 37 78 95 90 97 11 65 79 22 26 68 3 91 33 46 25 47 35 87 66 76 7 20 39 23 67 63 84 24 64 86 4 98 44 56 73 27 36 12 75 69 55 13 5 9 88 85 57 28 82 52 94 77 99 
TEST 151 ARG:32 21 33 98 3 62 15 35 51 68 90 61 5 41 2 45 66 30 6 49 1 71 82 95 19 78 18 38 79 39 50 7 99 8 93 47 27 24 4 70 42 10 48 36 96 67 16 87 69 97 0 81 20 63 85 13 80 37 12 53 56 89 55 9 11 75 72 23 60 26 65 84 77 58 94 17 76 14 28 86 91 57 43 46 54 88 64 59 31 29 73 40 34 74 25 52 44 83 92 22 
TEST 152 ARG:32 37 48 64 20 54 94 35 76 79 69 89 77 5 78 36 86 93 43 14 52 29 91 95 85 22 18 9 38 21 4 58 98 88 71 27 25 59 31 10 39 28 16 3 7 73 13 26 53 11 90 70 1 56 30 99 66 65 96 74 75 87 63 49 17 68 60 46 2 19 23 34 81 41 82 80 51 45 40 57 50 67 44 15 24 0 12 33 8 84 42 55 72 6 47 92 97 83 62 61 
TEST 153 ARG:43 14 83 62 63 78 28 74 39 47 46 54 41 34 60 42 97 48 4 35 5 12 37 65 53 85 73 89 95 17 90 68 72 21 26 56 66 87 82 70 93 55 69 7 76 77 84 1 40 9 58 80 13 19 61 64 23 16 18 0 31 81 88 29 75 8 22 25 59 32 45 52 99 96 24 92 71 33 3 15 30 86 11 98 6 38 44 20 67 57 10 50 51 36 94 91 49 2 27 79 
TEST 154 ARG:11 22 17 84 4 62 35 19 66 59 98 49 56 87 47 54 65 7 96 93 60 13 0 46 16 45 76 68 86 37 67 91 33 72 38 53 92 25 95 85 5 51 82 29 89 39 83 20 44 75 57 90 32 3 81 10 64 52 12 26 74 1 6 9 48 2 31 94 80 14 78 24 99 23 28 21 71 15 70 18 42 27 79 88 73 34 63 30 8 55 36 43 50 97 41 77 61 40 69 58 
TEST 155 ARG:71 21 49 89 8 48 16 7 9 18 75 15 54 60 36 47 58 95 17 19 40 52 73 94 57 50 39 14 72 31 80 69 87 93 43 81 41 90 26 34 22 67 27 44 91 12 77 88 55 13 35 30 3 66 32 51 29 5 61 84 6 46 20 96 24 85 98 11 65 2 79 97 63 92 99 68 56 74 0 23 53 64 10 59 82 38 86 33 42 28 25 76 4 37 78 70 62 83 45 1 
TEST 156 ARG:91 50 42 43 7 89 0 82 1 77 84 37 72 80 3 97 99 71 31 94 79 5 46 90 30 32 12 9 65 61 11 44 28 27 14 6 83 98 15 26 24 68 70 29 38 2 40 78 41 19 74 10 23 53 18 39 86 51 95 16 8 45 60 33 58 49 17 69 96 75 88 13 48 55 52 66 92 22 76 4 93 57 25 59 85 35 64 47 21 63 56 54 62 67 34 73 81 20 87 36 
TEST 157 ARG:76 43 91 39 38 28 55 13 34 99 21 75 87 25 56 59 0 32 51 60 7 26 78 77 83 33 54 58 22 79 71 35 85 95 41 68 73 63 65 90 9 88 42 64 70 5 36 45 62 61 29 66 53 89 96 37 1 93 19 20 15 3 84 52 27 44 6 12 98 46 74 81 69 18 10 14 80 82 30 40 49 48 57 8 50 17 11 67 72 92 24 4 47 31 2 94 97 16 23 86 
TEST 158 ARG:60 0 29 55 71 78 40 50 1 81 7 51 38 49 56 80 34 18 63 72 13 70 65 92 6 74 68 87 3 10 82 9 77 2 47 37 28 44 99 35 64 97 94 48 12 24 30 53 43 58 19 76 67 91 17 62 45 25 93 14 46 33 27 5 42 15 73 20 4 98 90 32 23 66 41 96 84 52 83 75 69 8 61 31 85 26 21 86 95 39 22 59 89 36 79 57 88 11 54 16 
TEST 159 ARG:52 91 87 28 13 5 79 39 49 93 74 92 85 22 47 30 95 78 7 86 16 82 46 57 35 71 20 27 26 24 64 90 68 59 81 36 4 61 97 70 67 96 15 42 84 98 32 69 99 41 89 38 58 34 44 63 21 80 11 33 48 31 77 53 10 18 17 37 1 23 6 54 56 8 43 66 29 75 76 12 9 45 62 40 50 0 94 88 51 65 83 25 55 60 19 14 2 3 72 73 
TEST 160 ARG:8 45 23 38 9 88 21 25 85 28 84 69 82 76 43 56 51 37 62 61 4 7 72 29 55 17 77 11 22 49 79 87 36 78 12 26 97 39 74 54 86 60 67 92 89 83 50 35 80 71 44 19 95 68 65 99 15 52 46 73 1 14 81 98 32 48 90 42 53 30 59 2 18 24 13 57 0 40 63 75 16 6 58 34 27 41 31 5 70 91 94 3 33 10 66 93 47 20 96 64 
TEST 161 ARG:69 16 14 72 59 87 76 10 32 35 61 4 28 8 55 50 80 73 96 20 71 85 62 39 66 53 17 36 47 93 21 57 29 22 91 15 18 65 92 37 34 3 88 0 11 7 38 27 77 98 86 75 23 52 43 99 33 31 94 60 40 24 6 42 12 70 25 9 2 89 95 79 68 63 83 5 19 54 45 78 81 13 49 44 64 90 26 41 46 56 67 97 1 30 74 84 51 58 48 82 
TEST 162 ARG:19 53 88 80 34 41 89 87 44 37 26 32 17 65 57 68 61 1 95 92 72 22 96 50 38 18 58 13 90 94 71 4 16 3 79 82 99 73 75 40 76 21 51 83 30 55 39 24 91 86 27 46 31 69 64 60 47 77 74 98 5 56 9 45 52 6 20 15 81 29 48 25 23 11 36 97 62 67 66 59 70 63 12 42 78 84 28 85 14 33 35 43 8 54 0 7 93 49 2 10 
TEST 163 ARG:87 18 39 84 38 10 67 1 60 35 14 90 78 44 54 79 48 88 12 97 41 17 95 86 89 2 96 80 37 8 75 92 72 43 36 63 59 66 82 62 25 30 47 85 53 57 64 16 50 29 33 51 34 76 81 7 69 27 19 68 26 3 31 42 55 5 61 11 9 15 74 94 13 58 32 77 98 6 24 20 65 91 70 40 93 28 45 83 4 52 22 46 21 73 0 23 56 71 99 49 
TEST 164 ARG:93 91 34 87 38 0 92 55 88 80 13 59 66 6 51 40 43 8 18 41 85 29 53 10 94 83 25 17 54 95 78 52 45 27 82 98 48 15 79 49 9 2 81 62 30 4 47 65 16 23 22 35 77 3 73 7 33 86 20 74 89 37 11 69 67 5 12 24 72 64 42 60 14 70 57 61 46 84 90 39 99 96 19 1 31 68 36 75 21 71 32 26 28 97 63 56 44 50 58 76 
TEST 165 ARG:58 60 17 29 89 31 56 75 85 33 77 72 4 70 84 10 95 74 23 52 6 22 11 64 54 92 24 25 81 96 78 18 9 79 44 47 12 40 19 37 91 43 3 36 71 26 90 21 1 57 94 49 98 88 87 93 67 68 46 83 35 63 38 30 97 53 2 65 45 48 66 13 39 0 8 62 20 99 69 14 76 59 73 16 34 15 5 55 82 32 41 80 7 27 42 50 51 61 86 28 
TEST 166 ARG:46 3 78 92 17 16 63 71 68 69 54 85 19 23 61 37 26 99 65 58 43 42 59 33 94 56 76 49 15 4 27 25 38 11 75 48 60 64 18 29 32 5 7 13 91 55 10 83 51 35 89 24 6 98 52 1 21 62 22 47 88 82 90 2 84 0 96 93 40 31 34 70 95 9 28 74 20 8 39 66 73 80 67 30 14 12 79 72 45 57 53 36 77 97 50 86 87 41 44 81 
TEST 167 ARG:89 11 38 84 13 49 7 28 73 92 86 77 18 94 62 29 53 80 70 54 48 25 8 57 16 34 31 23 35 83 36 37 46 21 82 6 93 74 76 42 58 81 60 52 32 24 66 19 71 78 56 91 15 98 50 97 12 1 69 40 59 68 14 67 65 41 47 0 95 55 72 33 20 22 17 26 87 63 43 27 99 79 45 88 30 61 51 75 39 9 64 44 5 96 90 2 3 85 10 4 
TEST 168 ARG:26 59 6 50 32 71 81 73 56 66 98 33 76 45 79 46 67 43 65 52 38 15 34 24 39 29 93 94 13 86 27 68 88 63 84 35 1 55 17 47 54 80 82 30 85 92 62 44 77 18 22 20 9 78 8 25 2 48 0 96 23 36 37 99 7 51 57 72 53 3 10 42 40 70 95 21 69 74 60 49 14 4 90 91 61 41 64 16 28 87 31 11 75 89 83 97 5 12 19 58 
TEST 169 ARG:68 8 39 91 34 89 47 21 0 37 52 80 25 60 22 88 67 14 78 51 45 55 98 43 64 5 84 85 33 35 12 62 71 16 29 7 49 95 66 83 65 94 92 77 81 56 57 30 4 74 15 2 17 93 90 23 76 73 46 63 44 58 50 48 31 38 86 41 1 54 32 11 26 42 87 10 20 40 69 3 19 79 13 82 18 75 70 27 28 53 36 59 9 96 6 72 99 61 24 97 
TEST 170 ARG:94 92 49 25 12 73 4 24 3 20 93 81 61 8 84 97 53 82 67 42 37 45 43 64 99 14 51 79 29 50 96 44 75 76 32 6 40 71 26 59 72 68 91 19 17 60 33 78 22 10 80 9 23 95 58 98 85 11 18 57 48 16 21 55 46 34 52 77 56 88 39 27 63 30 0 13 54 7 41 65 2 35 86 70 89 38 87 28 1 31 74 62 47 66 83 15 36 69 90 5 
TEST 171 ARG:82 57 95 48 73 38 26 11 19 72 56 59 76 85 24 94 89 78 97 17 33 75 99 28 31 84 27 96 65 45 32 21 51 8 67 86 63 4 25 79 40 10 47 44 54 50 13 37 1 77 29 16 43 5 52 90 6 71 3 69 70 80 7 64 41 34 55 58 2 12 53 18 22 88 9 49 98 20 81 14 30 68 66 87 61 23 92 42 91 35 36 60 46 15 93 0 62 39 83 74 
TEST 172 ARG:73 64 10 45 48 94 93 82 62 32 23 37 98 1 88 68 12 92 57 5 85 6 26 31 46 53 2 78 47 59 79 28 25 49 61 69 11 39 84 95 91 43 81 0 41 97 17 8 7 63 76 38 54 72 27 51 50 15 3 16 56 66 80 9 77 74 42 71 89 55 22 44 52 21 83 13 99 19 86 33 40 18 4 35 30 70 75 60 34 20 29 67 96 36 24 14 65 90 58 87 
TEST 173 ARG:78 23 46 83 90 13 40 27 32 77 60 66 16 45 57 47 2 42 49 31 52 65 92 28 18 72 3 12 54 29 20 91 34 25 44 38 71 5 97 84 37 36 50 93 74 79 94 76 6 86 75 69 67 56 33 39 30 59 48 53 9 70 95 51 15 80 14 82 85 98 11 61 89 1 7 0 17 35 8 63 43 24 81 19 26 62 68 55 22 10 87 58 21 73 96 64 4 99 88 41 
TEST 174 ARG:75 77 70 20 49 59 83 28 15 92 24 0 26 51 30 69 38 88 43 94 25 4 32 42 96 72 9 97 19 48 76 53 47 21 81 13 5 67 39 65 68 7 44 71 85 31 89 3 2 80 64 17 90 87 61 60 41 99 58 66 93 33 45 16 34 40 78 50 11 91 10 6 74 86 73 82 22 84 62 98 27 54 57 63 29 36 56 35 18 14 79 1 46 55 37 8 52 95 12 23 
TEST 175 ARG:99 78 42 19 95 92 81 74 79 76 39 94 77 11 10 41 61 17 32 58 27 43 83 44 62 67 26 72 9 31 15 20 1 86 91 45 35 70 71 82 65 51 49 93 48 69 73 55 24 66 50 36 40 89 25 54 64 52 2 18 0 7 60 34 30 28 5 4 80 14 47 23 96 29 3 75 8 63 98 68 16 38 21 13 12 56 6 57 85 37 97 22 90 84 59 88 53 46 87 33 
TEST 176 ARG:66 80 20 16 17 59 44 60 19 41 2 57 10 64 85 42 84 25 99 40 28 83 14 71 31 38 88 56 15 49 45 87 3 69 68 63 11 96 92 48 22 95 75 4 30 35 5 29 51 89 24 62 32 34 54 6 37 27 1 77 58 8 86 73 47 46 72 97 74 50 79 55 67 70 53 52 0 94 9 93 43 65 81 21 7 82 78 98 26 33 90 13 36 23 12 39 76 91 61 18 
TEST 177 ARG:56 69 11 80 34 27 28 65 64 12 79 59 49 3 62 78 93 21 71 10 43 41 48 60 92 22 29 1 91 36 90 30 40 5 72 8 2 47 16 15 18 85 98 44 52 20 77 46 70 37 17 74 96 24 0 81 35 50 42 99 45 95 6 9 14 39 33 94 82 61 84 89 67 86 88 32 57 55 87 4 51 58 25 38 76 7 53 26 31 66 54 63 68 97 23 75 19 13 73 83 
TEST 178 ARG:0 6 68 83 4 66 28 95 52 93 26 39 58 22 49 19 76 25 10 8 90 92 16 50 94 67 82 80 30 1 56 84 32 2 61 59 34 27 3 88 60 44 41 46 71 69 31 13 36 54 53 5 87 48 18 63 29 20 89 45 65 64 97 15 33 75 12 42 47 17 81 96 99 79 77 62 21 74 11 38 78 35 51 40 85 73 7 57 14 9 23 86 43 37 91 98 72 24 55 70 
TEST 179 ARG:86 69 46 35 45 85 40 90 42 18 31 64 72 56 87 59 2 32 19 24 94 77 28 79 11 78 97 39 7 34 23 14 66 43 47 37 67 55 71 61 17 1 81 57 80 54 91 4 53 99 98 51 0 74 60 92 84 25 63 68 16 65 10 52 83 29 6 48 21 41 96 82 30 49 9 15 36 62 3 5 20 89 26 76 73 75 58 70 88 8 50 12 27 13 93 38 44 22 95 33 
TEST 180 ARG:98 32 70 47 13 18 55 77 4 16 65 44 96 29 3 5 20 9 2 43 30 61 64 49 94 26 79 60 88 80 92 87 56 36 99 1 19 14 24 35 31 95 7 25 34 45 50 51 59 17 23 72 28 71 6 57 67 68 27 97 8 90 81 39 75 52 76 11 33 0 21 53 40 78 58 66 85 15 82 48 83 12 10 91 93 37 84 73 86 54 69 38 74 46 41 42 62 22 63 89 
TEST 181 ARG:63 76 58 56 87 32 47 81 93 60 67 12 90 75 6 44 18 0 91 45 29 11 25 62 70 21 92 41 23 85 37 46 69 9 57 59 30 14 43 10 28 71 73 88 4 61 64 40 1 24 8 94 22 54 51 98 53 74 55 20 52 19 35 31 99 27 80 77 7 48 36 66 95 49 26 72 16 97 96 89 86 33 68 82 34 78 13 15 42 79 17 50 83 84 5 65 39 3 2 38 
TEST 182 ARG:8 84 59 68 24 36 67 77 56 27 92 30 12 15 55 4 6 18 52 94 75 58 99 78 74 47 70 90 69 57 13 71 80 91 54 49 1 43 87 3 73 95 83 5 76 31 25 0 72 37 39 28 19 9 32 89 11 65 21 16 33 62 63 86 51 44 85 61 20 82 10 14 40 2 45 88 48 23 66 35 97 93 79 98 81 46 41 34 53 38 42 96 50 22 26 64 17 60 29 7 
TEST 183 ARG:49 69 70 13 5 20 97 53 66 28 93 40 83 65 12 91 54 96 33 24 75 85 94 73 68 37 48 39 99 47 45 44 84 14 80 55 90 29 9 26 72 62 25 89 43 64 10 82 3 79 71 98 81 57 0 76 46 50 95 74 32 31 78 38 52 15 23 63 67 4 16 88 59 22 61 18 8 58 35 1 77 30 19 17 42 11 6 7 87 21 27 34 36 56 2 86 51 92 60 41 
TEST 184 ARG:95 46 76 26 54 5 22 47 50 87 48 62 84 75 38 78 74 0 49 51 36 31 15 68 40 33 20 69 72 63 79 21 28 3 53 24 43 85 56 96 7 12 65 17 61 35 4 90 52 10 57 73 16 97 30 19 67 41 82 18 11 45 77 70 25 32 27 34 59 42 55 81 99 88 83 29 9 93 64 44 98 37 58 1 89 2 66 94 6 13 39 91 86 60 92 8 14 23 71 80 
TEST 185 ARG:72 67 36 68 79 6 76 31 50 43 33 37 59 32 62 47 86 49 12 74 99 56 95 46 84 23 20 17 0 66 16 40 70 1 87 41 64 78 90 57 73 39 83 42 38 19 51 35 14 15 52 3 45 25 48 92 94 44 58 27 75 28 53 69 61 60 97 65 34 11 26 21 9 93 10 88 54 29 77 18 30 24 96 13 7 55 85 5 82 91 2 4 22 71 63 98 81 8 89 80 
TEST 186 ARG:28 23 95 21 42 47 13 56 84 29 94 66 58 34 14 33 79 4 17 19 12 39 65 51 24 90 7 15 83 72 50 68 96 67 5 81 10 22 32 77 0 78 62 57 37 18 98 87 11 88 3 8 16 80 97 30 85 48 55 25 20 63 40 86 9 43 59 53 91 71 46 45 73 70 69 76 89 2 26 74 49 82 41 52 99 35 36 93 54 38 60 44 61 64 92 31 75 27 6 1 
TEST 187 ARG:94 23 63 60 35 47 3 81 48 44 96 10 59 14 79 86 13 88 22 65 67 66 57 19 9 38 72 21 78 83 43 29 74 1 0 41 98 7 87 34 20 8 80 15 82 16 53 85 51 93 28 11 25 62 97 71 52 91 73 92 27 61 69 40 49 58 37 39 89 99 90 84 5 70 33 68 55 2 76 36 56 75 17 45 6 4 32 46 26 77 42 18 12 54 30 50 64 24 31 95 
TEST 188 ARG:7 25 86 71 55 14 23 21 43 47 89 8 44 22 32 99 12 69 93 41 39 76 64 0 51 75 1 2 49 26 9 56 65 83 16 60 3 10 42 13 4 67 33 50 36 80 37 35 20 74 27 98 63 94 48 82 68 45 11 92 84 96 66 18 77 28 31 72 5 95 15 29 97 46 70 34 6 61 88 59 17 73 87 38 90 81 40 24 30 52 58 53 85 57 79 54 62 78 19 91 
TEST 189 ARG:12 35 45 76 11 59 97 95 14 99 82 28 44 30 6 60 27 57 74 52 90 42 43 19 88 49 20 24 63 18 69 7 34 93 33 37 3 79 98 47 61 78 4 51 83 56 73 5 62 86 91 41 39 85 8 16 67 40 53 50 70 66 54 22 96 15 9 92 13 0 29 10 75 58 72 23 36 89 65 80 38 77 26 64 32 1 48 55 31 17 68 81 87 2 94 71 21 46 25 84 
TEST 190 ARG:3 59 87 45 24 31 54 25 40 39 38 20 60 70 47 68 35 88 69 28 90 86 67 98 95 7 74 91 66 13 97 61 79 9 78 83 46 76 1 29 64 53 85 63 8 16 34 2 42 5 44 89 94 14 49 30 37 0 12 52 99 23 75 92 72 77 71 22 58 26 84 93 73 80 11 18 56 55 4 81 6 57 21 19 17 15 43 36 41 48 33 62 65 96 10 82 51 32 50 27 
TEST 191 ARG:38 44 95 91 22 10 83 97 48 51 1 77 32 26 75 69 94 47 11 86 98 92 53 76 0 12 74 2 89 3 54 63 30 49 17 50 71 80 40 37 15 4 42 60 72 34 87 55 70 73 41 84 56 43 78 65 85 59 20 57 24 9 62 14 35 7 52 99 67 6 21 13 61 31 58 29 8 79 39 96 64 27 68 81 66 33 88 23 93 46 18 16 5 90 25 19 28 36 45 82 
TEST 192 ARG:9 99 95 52 61 17 6 64 78 1 7 62 54 73 53 91 76 96 60 66 8 57 59 13 75 74 65 20 70 41 84 98 87 22 32 19 34 35 80 90 67 49 24 82 92 68 45 42 51 16 55 4 31 72 23 27 81 79 83 40 15 48 50 25 88 93 11 0 56 85 38 3 10 69 26 12 47 33 97 58 44 89 28 71 86 18 29 39 94 21 36 14 43 5 30 2 77 63 37 46 
TEST 193 ARG:22 23 33 14 98 79 16 5 26 67 87 69 3 58 66 85 49 25 47 8 88 13 94 21 43 1 27 37 6 40 65 64 89 63 97 71 56 95 11 34 24 32 72 19 55 81 29 7 90 28 2 74 93 50 82 15 46 92 45 41 68 42 80 76 51 78 31 18 39 77 17 61 83 70 35 57 10 91 44 75 52 36 53 12 86 62 9 54 96 38 30 60 59 48 4 0 99 73 20 84 
TEST 194 ARG:17 1 44 82 33 76 58 84 40 12 4 31 65 11 16 25 14 34 60 73 42 28 37 50 74 3 55 59 23 30 52 72 95 49 71 96 70 0 56 98 99 66 51 18 7 9 45 68 79 5 63 61 13 22 80 6 24 43 48 94 92 35 47 62 90 15 67 97 27 32 88 29 54 91 78 36 81 83 53 86 41 75 57 2 20 69 10 85 46 39 87 64 89 93 21 77 26 19 38 8 
TEST 195 ARG:95 87 2 32 3 92 96 45 93 76 26 8 13 52 22 39 82 66 29 67 51 34 57 69 50 24 46 40 17 15 85 42 7 90 53 38 54 63 27 19 23 78 9 20 72 62 41 0 83 44 49 64 55 88 30 33 58 91 84 81 80 97 75 94 5 77 43 47 11 60 74 65 71 73 99 18 79 86 10 21 36 59 31 37 61 12 25 6 4 48 14 35 16 89 56 98 1 70 68 28 
TEST 196 ARG:44 33 90 56 47 89 46 95 39 91 29 12 28 6 70 2 85 9 86 63 8 99 87 13 16 20 71 74 1 31 84 64 34 72 94 18 43 21 61 53 15 50 52 24 65 88 75 45 7 3 49 60 42 78 79 37 76 51 62 11 19 92 4 25 17 83 35 41 98 38 68 27 23 48 22 69 0 58 10 55 93 67 59 36 66 30 32 73 26 82 96 81 80 54 40 97 77 57 14 5 
TEST 197 ARG:53 71 40 33 48 12 81 6 65 15 27 78 49 36 72 20 22 64 37 4 97 50 46 43 9 60 34 54 85 89 88 1 80 0 57 59 84 30 39 68 38 13 2 83 42 18 96 31 26 63 58 77 44 8 29 51 55 93 11 90 94 56 52 69 98 41 91 82 47 16 35 10 28 45 61 14 21 86 23 24 79 92 76 75 73 32 5 17 19 87 66 7 99 70 3 74 62 67 25 95 
TEST 198 ARG:28 48 85 96 40 7 1 89 0 4 20 8 27 45 84 38 13 19 98 51 11 15 29 64 14 76 43 71 70 67 37 33 65 62 63 42 25 87 36 90 24 3 16 46 78 95 31 39 82 60 54 86 5 61 57 94 53 83 74 23 32 30 75 79 50 92 22 69 47 12 52 56 17 21 81 99 68 93 18 26 80 44 88 41 34 73 59 49 9 77 55 91 10 58 72 66 2 35 97 6 
TEST 199 ARG:54 96 51 41 2 93 39 91 87 64 22 16 3 38 1 89 13 19 11 15 65 53 71 67 37 72 69 26 94 35 55 63 76 0 74 7 97 86 80 30 88 83 48 6 17 47 75 4 9 50 40 84 46 98 12 52 49 70 23 95 68 5 43 33 82 56 10 25 24 36 31 27 79 45 99 28 61 92 42 32 62 66 44 34 60 8 77 90 78 85 18 59 57 29 73 20 58 81 21 14 
TEST 200 ARG:72 90 12 47 75 86 13 36 0 27 69 9 55 94 92 73 49 88 81 15 30 97 28 38 79 7 51 17 32 26 41 23 52 43 85 89 63 50 68 60 91 25 44 5 33 87 96 99 10 61 65 74 37 54 22 18 2 21 8 24 46 78 48 93 95 83 59 42 71 6 62 53 1 76 70 16 20 82 14 31 35 4 19 56 77 64 67 45 57 34 3 80 84 40 11 98 39 66 58 29 
TEST 201 ARG:76 14 26 10 39 56 38 85 64 25 58 3 53 70 59 68 97 7 90 4 1 71 72 9 36 48 96 13 29 57 98 35 32 43 47 67 81 33 89 73 84 40 99 94 86 92 20 77 88 60 5 15 30 8 23 21 31 18 93 83 46 19 55 51 41 65 54 63 0 66 27 69 91 2 24 6 17 12 16 49 61 34 11 87 50 80 22 28 74 52 82 62 78 42 45 95 79 44 75 37 
Multiple size <= 500
TEST 1 ARG:-30 197 -5 -116 -29 -46 180 97 -180 229 -210 136 177 188 135 -14 179 22 70 -84 -216 200 103 132 -69 40 -151 12 -49 139 154 217 -70 72 46 -147 -74 -61 5 104 -185 74 60 219 -246 -108 21 -44 -85 192 41 56 249 4 -191 -28 210 -202 205 159 -153 -143 195 228 -144 -135 109 -219 182 -112 8 7 -250 -239 42 -104 163 -173 -79 -16 -205 91 119 214 -228 114 121 248 230 -20 34 -168 129 -199 -177 -87 -245 9 -166 -100 -183 15 -190 -31 198 -215 146 -227 -224 -221 118 138 -163 -51 93 0 -54 178 221 -60 102 211 -186 -222 -22 -238 -12 27 -137 58 -1 -37 113 185 105 -39 -48 233 151 -27 -217 50 -184 -213 235 -121 -13 -154 31 -8 -167 -76 -223 82 -17 -229 -214 -38 165 -125 85 78 -145 -182 35 -15 -83 -225 13 227 -123 -196 -42 -155 128 -192 3 -40 -80 239 1 123 86 160 92 225 202 -150 20 -207 -55 -106 6 -65 -128 65 66 88 -171 -10 108 48 -118 -139 80 -201 98 -162 -127 116 -174 -56 -63 -220 -86 112 45 157 69 -204 32 -131 -25 77 -117 64 206 208 243 149 152 201 -59 -170 59 -3 196 130 -130 -248 -193 -102 -234 67 16 -242 -81 -233 -136 -249 -110 -211 75 -188 52 63 -169 11 -218 -197 -241 -194 183 -189 53 212 -24 -187 120 168 187 207 238 29 171 -82 10 99 -243 81 54 -72 30 236 111 -172 23 -178 234 -64 62 36 37 -146 117 25 -200 -41 -47 -98 -206 106 241 -132 -181 43 -133 -124 124 94 -149 142 -53 95 -35 232 173 -240 175 155 -99 203 226 242 90 137 172 -36 -164 -120 -77 169 68 47 145 -208 110 -43 224 -23 153 193 -244 -21 -122 -152 150 17 -232 -231 216 -19 167 -6 115 -90 51 -93 -18 -212 49 -134 -113 -237 218 -179 -148 -62 134 -165 84 38 101 -235 -34 161 158 191 107 -209 -92 73 231 127 -101 76 156 -126 -97 -11 -89 -175 -203 -230 -115 -71 -9 162 220 -157 -68 14 247 24 -111 148 223 213 33 -247 -33 -156 100 126 133 61 -141 -103 -78 143 -161 -158 122 237 89 -195 147 18 79 -7 -159 176 194 -94 -45 -67 -2 199 209 140 -96 -176 -226 215 181 96 170 -236 -73 -75 39 71 -52 -58 131 -142 2 57 -119 -105 -4 240 -88 -107 -114 245 26 186 -32 -26 -138 -140 164 55 246 -91 144 -198 -109 -57 83 166 125 87 189 -160 -129 19 204 190 174 -50 184 141 222 -95 244 -66 44 28 
TEST 2 ARG:-199 -5 246 105 221 -180 -237 245 220 -20 133 -204 171 67 215 66 -121 121 115 -170 -247 118 -118 27 99 -111 43 243 -215 39 188 -85 191 141 57 -115 122 34 -141 -172 -102 -211 204 69 -249 -175 -53 -145 -70 -234 183 14 24 249 -33 -72 -190 161 -212 192 202 -205 -82 134 10 -3 -250 -71 247 -240 -1 77 -45 196 -160 -179 -66 100 -26 217 70 60 -19 -10 139 64 167 -112 -81 22 23 13 -138 -42 -162 -52 208 -63 138 33 239 235 223 155 -156 -106 -48 -195 -246 144 -159 176 240 174 190 53 51 11 -62 76 197 94 -30 -79 146 -209 95 110 40 16 -222 -164 177 131 45 96 -131 170 15 -8 231 65 125 -239 -153 88 -73 107 -221 -207 -57 -223 -213 -216 230 158 56 162 -184 -34 80 -32 200 -126 37 90 -134 -227 166 233 -89 181 49 -18 -140 89 -224 132 28 9 -228 -168 -91 224 -9 71 -11 -78 209 -217 -135 189 -233 165 -152 -169 244 213 -12 47 111 84 148 136 87 198 -54 -74 112 102 -99 216 2 -150 -23 -198 175 32 -114 -144 -87 153 -116 19 -208 229 59 -119 -196 5 -220 -173 222 1 36 135 120 -76 103 -197 -113 -55 -83 -236 123 73 42 -155 -154 -94 68 74 -86 -16 -50 178 -177 -158 159 172 -15 -22 -248 150 -58 238 -122 -67 -100 -200 -124 -77 -93 117 -193 -98 -24 145 -6 225 -97 6 38 242 108 -107 -186 -229 -51 164 -178 0 126 214 52 -194 -59 -142 79 157 137 -46 -60 142 113 75 -214 -123 -41 -187 201 116 -69 -40 -243 8 -143 7 104 -7 72 -139 211 -110 -108 4 -39 228 154 -47 199 29 109 46 114 -149 226 -171 -219 -226 -49 152 -191 -230 -132 -101 168 12 -120 -183 -92 -241 -176 241 203 180 -17 234 -37 97 186 195 93 -36 -44 -4 248 86 3 -13 -64 -31 20 -133 106 219 212 26 232 63 184 -206 -65 160 185 -231 -163 163 -105 173 -203 227 17 101 -127 -174 -181 -84 -14 41 -2 91 -242 31 -90 -137 -146 143 30 -21 187 129 -130 237 124 130 -28 -167 -225 -43 182 81 -201 -188 127 169 205 -29 -68 83 149 -157 119 -245 55 -103 -147 -202 48 -25 62 -35 194 207 -80 179 -125 50 -75 -161 -96 -218 85 210 -192 -56 -27 -185 -95 128 -148 156 -189 206 151 140 21 218 -38 18 -136 147 193 92 -166 -244 -238 78 25 -104 35 -232 61 98 236 82 -210 -61 -165 -128 -117 -129 54 -151 -235 -109 -88 58 44 -182 
TEST 3 ARG:-249 -82 211 -98 203 -2 84 140 59 147 -119 23 125 171 183 221 -19 -10 61 2 -43 -140 -14 92 -241 -18 -153 -67 -139 202 -109 -81 36 74 20 -228 149 45 207 -177 -168 126 -24 175 -147 0 -216 38 -59 -156 -180 -231 120 -47 -42 112 26 -245 106 -1 40 -30 -86 -87 184 228 218 31 -248 -83 -240 174 82 -64 -157 159 -46 101 -217 -200 73 -235 -210 -12 -13 114 41 104 28 -155 46 1 151 187 52 232 27 -160 91 -62 227 -132 -5 -22 -48 -94 -20 -150 -152 229 166 -213 79 213 -229 -174 -45 -195 -136 188 -77 -224 -102 -144 136 246 -25 -220 -158 -238 -8 87 157 -175 -179 -212 -96 -35 130 182 -250 13 -53 -247 -237 -186 -205 236 -60 -69 -130 158 165 -100 194 -183 76 -185 62 30 217 -236 214 121 -104 -31 -171 135 230 58 -138 16 -41 102 150 -27 -38 -89 215 -233 -112 -63 -191 -117 -159 113 51 170 -203 108 247 -76 -242 103 -170 93 123 -16 178 -226 -137 -123 98 70 -234 131 -151 -61 109 -65 -167 -218 -178 199 -113 -142 249 226 -181 72 234 148 -120 239 -36 163 65 242 -148 -118 -72 67 -28 -52 -11 -79 -146 111 -44 -54 -114 -3 -57 -246 -162 245 173 18 -70 -50 -197 -75 238 129 95 220 233 -85 97 154 -225 -198 68 -39 196 216 -214 -189 225 -23 -201 -116 206 -161 -129 35 -127 -40 32 10 -17 -125 223 161 -93 110 248 49 -4 -126 -143 44 -122 -29 168 185 25 -90 146 -188 99 33 5 88 -7 -215 200 -173 57 -133 243 -92 212 237 -73 -124 197 177 -192 -80 -108 60 -95 -78 222 -56 192 -106 142 179 34 181 -71 138 90 144 3 122 127 71 176 -103 -74 -227 -211 201 145 193 191 -88 119 -193 -135 189 21 24 39 -97 42 153 -6 -99 -244 77 89 204 -209 118 -58 -84 -21 -187 94 37 128 143 19 -223 141 -194 80 55 209 172 -26 6 156 43 169 210 115 17 -66 -182 -131 137 29 7 -34 -169 152 -163 -121 -206 -166 107 56 105 162 139 -32 195 208 219 14 47 64 -208 164 -107 124 75 160 63 -190 48 66 -199 -184 -222 -91 22 -9 -134 86 -176 -221 -37 205 -243 54 -149 50 -111 8 -145 -49 15 -204 -141 198 -202 9 96 85 132 117 231 235 53 11 -51 81 -172 -196 -101 4 186 -165 180 -239 -164 -230 -105 -207 224 -15 12 -128 -219 241 244 -55 -33 83 69 78 116 155 240 -154 -232 -115 167 133 134 100 -68 190 -110 
TEST 4 ARG:9 177 -82 32 -185 183 46 141 -40 163 -27 -168 159 12 -195 -239 152 -196 -214 -232 -206 -11 179 -177 -230 215 -48 19 -152 -181 -194 36 123 239 -53 -91 -180 97 -2 201 -131 171 172 -123 -119 222 -7 144 -4 -125 -157 -69 -210 128 -85 24 122 -44 -32 235 143 -90 -173 51 191 168 -55 76 197 232 113 136 -74 60 -137 -190 -121 140 241 -127 -156 -109 26 57 -226 -233 211 156 -41 -186 3 -88 -155 145 233 236 -148 -101 -222 -191 -117 35 -61 -172 -67 45 42 -38 40 -118 205 104 -106 160 -76 166 -114 -33 -198 161 109 -218 -197 112 189 31 75 -50 148 94 170 158 245 50 62 -57 125 -49 21 68 209 176 -224 -5 -171 34 -209 -78 108 4 -107 -104 -193 -208 134 -56 180 -153 99 203 155 -200 2 146 55 20 1 -217 -203 247 -149 -134 58 61 202 208 -205 147 221 188 -18 65 115 67 117 96 127 -176 -178 -211 -140 56 106 138 59 -244 13 69 -225 249 192 49 -14 80 81 227 16 182 228 194 11 -80 -120 -86 -98 121 -100 0 181 -20 -63 30 -162 -158 -128 -135 -199 -73 132 -166 66 -84 63 82 151 -96 -87 -62 -110 237 -247 -34 -204 -242 102 107 -143 7 200 -6 -221 5 -3 -8 162 -147 -12 -129 -237 -47 -184 -235 43 212 -10 -234 -160 -95 218 -227 -64 149 -231 -42 -26 220 -35 206 92 -58 -241 -122 -93 157 -124 -22 -136 -21 64 164 101 -66 -68 190 15 -188 10 -246 -238 -245 116 198 -83 105 -174 91 -219 -92 -243 -138 126 -132 -99 204 -115 -60 -212 47 153 193 -52 -70 110 -159 210 -17 27 -108 -102 243 83 167 -192 217 -189 -71 86 -133 -183 234 114 129 231 185 -154 52 242 226 186 -144 -111 100 -151 196 -179 -59 -201 84 -182 175 -25 173 72 244 178 230 53 -31 -187 -202 -126 229 -30 187 214 -142 -36 131 -23 -81 -29 17 -1 219 119 -51 79 -163 -72 -216 8 -141 135 -236 137 -146 169 154 -45 130 -169 -161 -116 -94 48 85 -54 93 39 -89 -165 44 38 -139 -15 29 37 87 -97 139 142 133 150 223 165 -130 199 74 -112 -248 -39 238 28 33 -164 -46 -37 -249 118 -13 -223 -43 54 224 -113 -229 184 246 98 -145 88 89 18 195 -207 23 -167 111 71 95 -220 -228 -79 -150 14 73 120 -24 207 -105 90 -215 22 41 -170 103 240 -16 174 -28 -103 248 -19 216 225 -240 -250 25 -77 6 213 77 70 -9 -175 -65 124 78 -213 -75 
TEST 5 ARG:58 -233 -238 -158 -162 128 -56 193 -50 -88 -167 -47 -140 -71 -4 227 -244 -74 -111 -137 34 52 -199 199 74 70 170 -97 27 -62 117 72 144 -108 11 66 -236 -46 230 205 -75 29 69 -224 249 -15 -194 166 115 189 -150 -33 36 -27 181 194 -79 211 53 -25 196 -219 -205 -138 -220 28 168 -43 201 -14 32 -185 -223 38 185 224 138 -146 -65 -135 -203 236 75 -6 197 -142 -132 -166 -123 -92 -59 -109 177 -190 -231 179 245 -221 -18 -60 98 -149 -122 133 153 51 -23 -172 159 158 15 -176 -206 87 203 -210 21 -216 110 -121 209 30 50 -31 116 45 165 -128 -76 -235 -145 -160 213 -100 -242 -154 113 -105 19 221 -95 -45 180 -78 223 123 149 140 -63 129 -217 76 225 -12 -29 -118 172 142 130 -148 -207 -165 -239 3 -164 -230 148 169 -179 241 -98 137 -61 139 184 -229 -139 0 43 6 -22 -35 92 -195 -84 22 -247 243 163 14 73 183 -171 200 41 105 13 187 18 95 -156 -169 -89 90 56 -153 -248 152 188 85 235 -127 -73 26 -214 -40 -9 -234 -163 65 -96 234 204 -7 -131 161 175 -64 237 103 238 -189 -191 174 102 151 -125 -67 -54 59 -212 17 4 -144 -112 -159 -218 97 218 208 -198 -93 2 -5 160 -28 89 16 186 -133 54 31 -168 132 -72 78 82 -113 109 127 -120 -68 8 111 94 63 -24 248 -30 10 -177 -91 57 106 -20 -119 191 -130 -180 -208 40 107 207 -211 -152 99 122 37 114 71 -225 247 -83 198 -124 1 -173 228 -188 -32 -13 -51 229 24 -48 -42 -215 124 220 -204 -228 -147 -116 -57 -232 44 91 157 -201 126 -110 156 -2 -202 162 -37 233 210 -181 -82 -193 -55 -237 -175 12 217 -240 -134 -94 47 -103 60 -213 121 33 -143 20 -241 48 120 -39 93 176 -183 -186 195 -136 -1 80 -196 -129 62 -117 -77 49 -85 42 -107 64 -21 -151 81 118 -161 35 83 46 -19 202 -227 231 -102 -114 -200 219 145 246 96 -243 55 101 -170 -245 -10 -86 100 -49 136 5 88 173 -16 -11 154 -126 79 -80 214 206 244 -157 67 -34 232 125 -44 25 77 -81 -115 -106 -174 -184 -226 86 240 -209 104 222 -155 -66 216 -52 131 -58 -38 -187 -26 143 -99 -250 -90 -69 155 146 178 7 -246 -36 135 -53 215 182 -197 212 -222 108 134 -178 190 39 -87 112 -104 9 164 171 -182 192 242 61 -249 150 84 -3 68 -101 141 -41 23 -8 -70 -141 -192 226 167 119 -17 239 147 
TEST 6 ARG:191 -25 -142 96 -225 93 -12 72 -145 -103 79 -111 -163 104 221 -125 179 -130 169 -166 67 -240 -160 -247 162 222 -57 173 -91 -38 -44 -108 -242 37 -78 39 -100 -90 -132 230 -184 49 238 -158 -61 -212 -101 -133 239 32 95 54 188 -134 -17 20 -93 -233 -216 36 -215 180 4 130 57 -162 159 -14 232 -211 86 206 -21 124 18 -192 68 -96 -169 -185 6 129 -203 177 121 144 97 -107 142 -54 237 -72 44 -196 82 17 -11 141 236 -153 137 147 -109 -170 -136 110 202 -77 -75 -6 -128 98 85 -164 224 10 -208 -219 190 229 -228 -68 -7 55 -27 -42 -120 -32 47 69 -138 197 171 33 136 172 45 -46 -205 15 120 12 -30 -99 -87 -141 111 146 215 -201 56 25 90 -94 226 -97 -168 -174 210 -76 34 -131 -177 -115 -62 -206 204 181 -143 -41 -58 154 244 -104 -71 -63 143 -182 58 114 167 13 24 133 -144 166 186 27 100 187 70 -149 -16 14 -69 135 199 176 -186 -167 -102 -232 -140 -37 -5 247 170 -187 163 -52 122 198 220 -65 -1 196 157 -45 -224 -222 225 -31 52 41 164 -152 -13 -135 -51 -197 101 165 -235 -220 -24 -244 -188 134 106 -213 22 -231 -47 -214 125 -113 94 -180 140 231 -237 -221 -22 128 -121 132 -202 -3 152 -85 192 145 38 -190 -98 -198 -161 19 -226 -151 74 -241 -165 -236 -35 131 123 -156 -33 105 161 112 -106 -56 43 218 -230 126 66 9 183 -55 -119 -18 5 73 31 0 -189 28 234 1 -123 217 21 155 184 -200 -238 151 -43 -88 26 53 182 16 168 -86 213 -114 193 -179 148 -23 83 117 3 223 212 -173 -223 249 248 113 194 51 -92 -4 -49 61 30 -82 116 78 -204 -105 107 23 -181 -79 -193 156 42 -245 -150 -50 -176 92 -84 153 91 -249 -40 207 99 235 -147 160 138 29 -155 -28 -80 -67 50 -34 -194 -210 89 -2 11 -234 240 59 185 211 -218 242 75 -171 -183 2 80 -20 158 77 195 209 246 60 -239 216 139 200 -59 -227 -10 -199 -116 109 -39 -29 87 -110 65 71 -74 241 203 201 -60 -95 -81 127 46 -26 -137 -175 -248 108 118 -122 -83 -126 -8 -64 88 76 48 -172 -15 -118 233 227 -48 64 7 150 102 63 -53 -70 -139 119 219 -73 205 -117 -195 -159 -112 -246 62 -209 -217 -146 -157 -243 84 40 -36 -154 -127 103 81 -66 -129 214 -19 -9 35 149 -178 -148 -191 208 245 243 -250 189 115 228 178 -124 -207 -89 8 174 175 -229 
